================================================================================
W&B RUN DATA: CONTINUE-dreamsmooth-180k-selfplay-ON_weak_seed42_20260130_193448
================================================================================

## RUN METADATA
Run ID: mtkf31tz
Created: 2026-01-30T18:34:49Z
State: running
Duration: 62567.558731054 seconds

## CONFIGURATION
  [Environment]
    opponent: weak
  [Training]
    batch_size: 32
    batch_length: 32
    imagination_horizon: 15
    discount: 0.997
  [Entropy]
    entropy_scale: 0.0003
  [Self-Play]
    self_play_start: 1
    self_play_pool_size: 20
    self_play_save_interval: 500
    self_play_weak_ratio: 0.5
    use_pfsp: True
    pfsp_mode: variance
  [Architecture]
    recurrent_size: 256
    latent_length: 16
    latent_classes: 16
  [Meta]
    seed: 42
    algorithm: DreamerV3

## FINAL SUMMARY
  runtime: 17.38 hours (62568 seconds)

## NOTE: Data reduced (fraction=0.3, max_points=50)

## METRICS DATA

### STATS
#### buffer_size
  Points: 52
  Min: 12787.0000, Max: 250000.0000, Mean: 161875.9808
  Data: [
    12787.0000, 16474.0000, 18938.0000, 24001.0000, 27185.0000, 35391.0000, 42007.0000, 48572.0000, 53496.0000, 57858.0000,
    64672.0000, 70014.0000, 74548.0000, 77497.0000, 82400.0000, 87321.0000, 95007.0000, 99084.0000, 103413.0000, 107292.0000,
    110869.0000, 115628.0000, 118767.0000, 122622.0000, 124833.0000, 126875.0000, 250000.0000, 250000.0000, 250000.0000, 250000.0000,
    250000.0000, 250000.0000, 250000.0000, 250000.0000, 250000.0000, 250000.0000, 250000.0000, 250000.0000, 250000.0000, 250000.0000,
    250000.0000, 250000.0000, 250000.0000, 250000.0000, 250000.0000, 250000.0000, 250000.0000, 250000.0000, 250000.0000, 250000.0000,
    250000.0000, 250000.0000,
  ]

#### draws
  Points: 52
  Min: 0.0000, Max: 184.0000, Mean: 113.4423
  Data: [
    0.0000, 2.0000, 2.0000, 9.0000, 14.0000, 24.0000, 27.0000, 31.0000, 37.0000, 43.0000,
    51.0000, 59.0000, 62.0000, 66.0000, 72.0000, 78.0000, 86.0000, 89.0000, 92.0000, 93.0000,
    95.0000, 99.0000, 101.0000, 102.0000, 102.0000, 102.0000, 153.0000, 156.0000, 157.0000, 162.0000,
    162.0000, 162.0000, 162.0000, 162.0000, 164.0000, 165.0000, 167.0000, 167.0000, 167.0000, 167.0000,
    167.0000, 169.0000, 169.0000, 170.0000, 171.0000, 171.0000, 173.0000, 175.0000, 177.0000, 180.0000,
    182.0000, 184.0000,
  ]

#### env_steps
  Points: 52
  Min: 560889.0000, Max: 891379.0000, Mean: 739015.6731
  Data: [
    560889.0000, 564576.0000, 567040.0000, 572103.0000, 575287.0000, 583493.0000, 590109.0000, 596674.0000, 601598.0000, 605960.0000,
    612774.0000, 618116.0000, 622650.0000, 625599.0000, 630502.0000, 635423.0000, 643109.0000, 647186.0000, 651515.0000, 655394.0000,
    658971.0000, 663730.0000, 666869.0000, 670724.0000, 672935.0000, 674977.0000, 825279.0000, 828453.0000, 830393.0000, 834157.0000,
    835535.0000, 837191.0000, 839375.0000, 840978.0000, 843015.0000, 846559.0000, 850063.0000, 852584.0000, 854326.0000, 856055.0000,
    859629.0000, 862050.0000, 863571.0000, 866557.0000, 868283.0000, 870618.0000, 875283.0000, 877823.0000, 880631.0000, 883723.0000,
    887102.0000, 891379.0000,
  ]

#### episodes
  Points: 52
  Min: 5926.0000, Max: 10766.0000, Mean: 8396.0000
  Data: [
    5926.0000, 5976.0000, 6006.0000, 6056.0000, 6086.0000, 6166.0000, 6246.0000, 6316.0000, 6366.0000, 6416.0000,
    6476.0000, 6526.0000, 6566.0000, 6606.0000, 6656.0000, 6706.0000, 6786.0000, 6826.0000, 6886.0000, 6926.0000,
    6966.0000, 7026.0000, 7076.0000, 7136.0000, 7176.0000, 7216.0000, 9706.0000, 9756.0000, 9786.0000, 9826.0000,
    9856.0000, 9886.0000, 9926.0000, 9956.0000, 9986.0000, 10046.0000, 10106.0000, 10156.0000, 10186.0000, 10216.0000,
    10276.0000, 10316.0000, 10346.0000, 10396.0000, 10426.0000, 10466.0000, 10536.0000, 10576.0000, 10616.0000, 10656.0000,
    10706.0000, 10766.0000,
  ]

#### gradient_steps
  Points: 52
  Min: 180032.0000, Max: 334912.0000, Mean: 259072.0000
  Data: [
    180032.0000, 181632.0000, 182592.0000, 184192.0000, 185152.0000, 187712.0000, 190272.0000, 192512.0000, 194112.0000, 195712.0000,
    197632.0000, 199232.0000, 200512.0000, 201792.0000, 203392.0000, 204992.0000, 207552.0000, 208832.0000, 210752.0000, 212032.0000,
    213312.0000, 215232.0000, 216832.0000, 218752.0000, 220032.0000, 221312.0000, 300992.0000, 302592.0000, 303552.0000, 304832.0000,
    305792.0000, 306752.0000, 308032.0000, 308992.0000, 309952.0000, 311872.0000, 313792.0000, 315392.0000, 316352.0000, 317312.0000,
    319232.0000, 320512.0000, 321472.0000, 323072.0000, 324032.0000, 325312.0000, 327552.0000, 328832.0000, 330112.0000, 331392.0000,
    332992.0000, 334912.0000,
  ]

#### losses
  Points: 52
  Min: 1.0000, Max: 452.0000, Mean: 244.8846
  Data: [
    1.0000, 11.0000, 14.0000, 20.0000, 25.0000, 33.0000, 38.0000, 45.0000, 54.0000, 61.0000,
    69.0000, 72.0000, 77.0000, 81.0000, 84.0000, 90.0000, 101.0000, 104.0000, 108.0000, 112.0000,
    115.0000, 122.0000, 130.0000, 137.0000, 140.0000, 142.0000, 370.0000, 373.0000, 375.0000, 380.0000,
    383.0000, 385.0000, 389.0000, 393.0000, 396.0000, 400.0000, 407.0000, 411.0000, 413.0000, 414.0000,
    423.0000, 427.0000, 428.0000, 432.0000, 432.0000, 436.0000, 442.0000, 444.0000, 445.0000, 447.0000,
    451.0000, 452.0000,
  ]

#### mean_reward
  Points: 52
  Min: -11.3367, Max: 8.1172, Mean: 6.0982
  Data: [
    -11.3367, 4.0902, 5.0104, 5.0289, 4.3756, 4.3929, 6.8754, 6.0364, 5.3053, 4.1839,
    4.3392, 5.4466, 5.1097, 5.4162, 5.9224, 5.4019, 4.5772, 5.1163, 6.7814, 6.7651,
    6.8736, 6.1768, 5.3304, 5.8995, 6.9728, 7.9711, 7.7155, 7.1619, 7.2791, 6.4300,
    6.4953, 6.6803, 7.4806, 7.2504, 6.8302, 7.3246, 7.1277, 6.9718, 7.4103, 8.1172,
    7.0125, 6.3548, 7.0245, 7.8344, 8.0535, 7.6369, 6.9869, 7.1489, 7.4523, 7.8352,
    7.4278, 7.9993,
  ]

#### opponent_selfplay_count
  Points: 52
  Min: 1.0000, Max: 2464.0000, Mean: 1263.7500
  Data: [
    1.0000, 29.0000, 45.0000, 73.0000, 90.0000, 137.0000, 174.0000, 212.0000, 239.0000, 269.0000,
    293.0000, 320.0000, 337.0000, 358.0000, 383.0000, 406.0000, 447.0000, 468.0000, 490.0000, 514.0000,
    530.0000, 564.0000, 597.0000, 640.0000, 665.0000, 689.0000, 1921.0000, 1947.0000, 1961.0000, 1985.0000,
    1999.0000, 2015.0000, 2036.0000, 2054.0000, 2072.0000, 2101.0000, 2131.0000, 2151.0000, 2163.0000, 2179.0000,
    2213.0000, 2235.0000, 2253.0000, 2278.0000, 2291.0000, 2314.0000, 2357.0000, 2375.0000, 2397.0000, 2415.0000,
    2438.0000, 2464.0000,
  ]

#### opponent_strong_count
  Points: 52
  Min: 0.0000, Max: 1790.0000, Mean: 916.9423
  Data: [
    0.0000, 16.0000, 30.0000, 45.0000, 52.0000, 78.0000, 110.0000, 136.0000, 156.0000, 170.0000,
    199.0000, 220.0000, 237.0000, 254.0000, 275.0000, 294.0000, 323.0000, 337.0000, 363.0000, 375.0000,
    395.0000, 412.0000, 424.0000, 437.0000, 449.0000, 463.0000, 1406.0000, 1427.0000, 1439.0000, 1451.0000,
    1465.0000, 1477.0000, 1492.0000, 1500.0000, 1510.0000, 1533.0000, 1557.0000, 1582.0000, 1596.0000, 1604.0000,
    1624.0000, 1636.0000, 1646.0000, 1663.0000, 1674.0000, 1684.0000, 1706.0000, 1720.0000, 1734.0000, 1748.0000,
    1767.0000, 1790.0000,
  ]

#### opponent_weak_count
  Points: 52
  Min: 0.0000, Max: 587.0000, Mean: 290.3077
  Data: [
    0.0000, 6.0000, 6.0000, 13.0000, 19.0000, 26.0000, 37.0000, 43.0000, 46.0000, 52.0000,
    59.0000, 61.0000, 67.0000, 69.0000, 73.0000, 81.0000, 91.0000, 96.0000, 108.0000, 112.0000,
    116.0000, 125.0000, 130.0000, 134.0000, 137.0000, 139.0000, 454.0000, 457.0000, 461.0000, 465.0000,
    467.0000, 469.0000, 473.0000, 477.0000, 479.0000, 487.0000, 493.0000, 498.0000, 502.0000, 508.0000,
    514.0000, 520.0000, 522.0000, 530.0000, 536.0000, 543.0000, 548.0000, 556.0000, 560.0000, 568.0000,
    576.0000, 587.0000,
  ]

#### win_rate
  Points: 52
  Min: 0.0000, Max: 0.9400, Mean: 0.8328
  Data: [
    0.0000, 0.7451, 0.8025, 0.7900, 0.7400, 0.7400, 0.8800, 0.8500, 0.8000, 0.7200,
    0.7300, 0.7700, 0.7700, 0.7900, 0.8200, 0.7900, 0.7600, 0.7900, 0.8700, 0.8800,
    0.8900, 0.8400, 0.7900, 0.8300, 0.8900, 0.9400, 0.9100, 0.8700, 0.8800, 0.8300,
    0.8400, 0.8500, 0.9100, 0.9000, 0.8700, 0.8900, 0.8800, 0.8800, 0.9000, 0.9400,
    0.8900, 0.8500, 0.8800, 0.9200, 0.9300, 0.9100, 0.8800, 0.8800, 0.8900, 0.9000,
    0.8900, 0.9200,
  ]

#### wins
  Points: 52
  Min: 0.0000, Max: 4205.0000, Mean: 2112.6731
  Data: [
    0.0000, 38.0000, 65.0000, 102.0000, 122.0000, 184.0000, 256.0000, 315.0000, 350.0000, 387.0000,
    431.0000, 470.0000, 502.0000, 534.0000, 575.0000, 613.0000, 674.0000, 708.0000, 761.0000, 796.0000,
    831.0000, 880.0000, 920.0000, 972.0000, 1009.0000, 1047.0000, 3258.0000, 3302.0000, 3329.0000, 3359.0000,
    3386.0000, 3414.0000, 3450.0000, 3476.0000, 3501.0000, 3556.0000, 3607.0000, 3653.0000, 3681.0000, 3710.0000,
    3761.0000, 3795.0000, 3824.0000, 3869.0000, 3898.0000, 3934.0000, 3996.0000, 4032.0000, 4069.0000, 4104.0000,
    4148.0000, 4205.0000,
  ]


### EPISODE
#### draw_rate_100
  Points: 52
  Min: 0.0000, Max: 0.0100, Mean: 0.0008
  Data: [
    0.0000, 0.0000, 0.0000, 0.0000, 0.0000, 0.0000, 0.0000, 0.0000, 0.0000, 0.0000,
    0.0000, 0.0000, 0.0000, 0.0000, 0.0000, 0.0000, 0.0000, 0.0000, 0.0000, 0.0100,
    0.0100, 0.0000, 0.0000, 0.0000, 0.0000, 0.0000, 0.0000, 0.0000, 0.0000, 0.0000,
    0.0000, 0.0000, 0.0000, 0.0000, 0.0000, 0.0000, 0.0000, 0.0000, 0.0000, 0.0000,
    0.0000, 0.0000, 0.0000, 0.0000, 0.0000, 0.0000, 0.0000, 0.0000, 0.0000, 0.0100,
    0.0100, 0.0000,
  ]

#### length_max
  Points: 52
  Min: 28.0000, Max: 251.0000, Mean: 242.0385
  Data: [
    28.0000, 251.0000, 251.0000, 251.0000, 251.0000, 251.0000, 251.0000, 251.0000, 251.0000, 251.0000,
    251.0000, 251.0000, 251.0000, 251.0000, 251.0000, 251.0000, 251.0000, 251.0000, 251.0000, 251.0000,
    251.0000, 251.0000, 251.0000, 251.0000, 251.0000, 205.0000, 251.0000, 251.0000, 251.0000, 251.0000,
    251.0000, 251.0000, 161.0000, 210.0000, 251.0000, 251.0000, 251.0000, 251.0000, 251.0000, 224.0000,
    212.0000, 251.0000, 251.0000, 251.0000, 251.0000, 251.0000, 251.0000, 251.0000, 251.0000, 251.0000,
    251.0000, 251.0000,
  ]

#### length_mean
  Points: 52
  Min: 28.0000, Max: 112.9900, Mean: 74.1499
  Data: [
    28.0000, 72.8431, 76.2840, 90.3500, 98.8600, 102.0700, 86.7800, 92.5000, 92.6900, 92.8600,
    102.2700, 108.6900, 112.9900, 93.5500, 91.3000, 98.2400, 94.5300, 95.3500, 84.0600, 82.0800,
    86.9900, 83.3600, 72.7100, 66.4500, 60.6600, 52.5300, 67.3200, 70.3600, 68.3000, 75.6400,
    70.8200, 67.9800, 52.1800, 54.4300, 58.2400, 61.5100, 60.9000, 53.2000, 54.4600, 54.9900,
    59.4000, 59.9500, 58.4400, 57.8100, 57.7700, 59.7400, 63.3300, 67.2400, 67.3300, 74.0100,
    71.5900, 69.8600,
  ]

#### length_min
  Points: 52
  Min: 23.0000, Max: 28.0000, Mean: 23.6346
  Data: [
    28.0000, 25.0000, 25.0000, 25.0000, 25.0000, 23.0000, 24.0000, 23.0000, 23.0000, 23.0000,
    23.0000, 24.0000, 24.0000, 24.0000, 24.0000, 24.0000, 23.0000, 23.0000, 24.0000, 24.0000,
    23.0000, 23.0000, 24.0000, 23.0000, 23.0000, 23.0000, 24.0000, 24.0000, 24.0000, 24.0000,
    23.0000, 23.0000, 23.0000, 24.0000, 24.0000, 23.0000, 23.0000, 23.0000, 23.0000, 23.0000,
    24.0000, 24.0000, 24.0000, 23.0000, 23.0000, 23.0000, 24.0000, 23.0000, 23.0000, 23.0000,
    23.0000, 24.0000,
  ]

#### length_std
  Points: 52
  Min: 0.0000, Max: 81.2659, Mean: 58.5448
  Data: [
    0.0000, 71.4405, 67.4283, 74.4541, 78.6557, 81.2659, 68.3190, 69.2489, 76.2650, 79.3365,
    76.7066, 78.8137, 79.4670, 74.7328, 73.6970, 73.3327, 71.0022, 72.3381, 63.2952, 61.8536,
    66.0163, 65.6813, 60.9502, 51.4057, 42.8138, 31.0862, 55.7544, 62.3247, 61.5657, 65.4491,
    61.1381, 56.6918, 30.9911, 34.9248, 44.8076, 53.4300, 52.5053, 39.7791, 41.4667, 40.3825,
    42.3889, 47.5160, 45.6009, 45.4162, 45.2199, 47.3704, 51.1996, 59.4488, 59.4796, 66.6286,
    62.9278, 60.3137,
  ]

#### reward_mean
  Points: 52
  Min: -11.3367, Max: 8.1172, Mean: 6.0982
  Data: [
    -11.3367, 4.0902, 5.0104, 5.0289, 4.3756, 4.3929, 6.8754, 6.0364, 5.3053, 4.1839,
    4.3392, 5.4466, 5.1097, 5.4162, 5.9224, 5.4019, 4.5772, 5.1163, 6.7814, 6.7651,
    6.8736, 6.1768, 5.3304, 5.8995, 6.9728, 7.9711, 7.7155, 7.1619, 7.2791, 6.4300,
    6.4953, 6.6803, 7.4806, 7.2504, 6.8302, 7.3246, 7.1277, 6.9718, 7.4103, 8.1172,
    7.0125, 6.3548, 7.0245, 7.8344, 8.0535, 7.6369, 6.9869, 7.1489, 7.4523, 7.8352,
    7.4278, 7.9993,
  ]

#### reward_std
  Points: 52
  Min: 0.0000, Max: 9.1217, Mean: 6.4721
  Data: [
    0.0000, 9.1217, 8.4069, 7.7864, 8.0970, 8.1074, 6.0335, 6.9689, 7.5687, 8.2369,
    8.1024, 6.8700, 7.3631, 7.5362, 6.8535, 7.2100, 8.0831, 7.7103, 6.2351, 6.3638,
    6.1531, 6.9160, 7.7726, 7.4825, 6.4286, 4.9306, 5.2004, 5.9281, 5.5583, 6.5008,
    6.5965, 6.5792, 6.0501, 6.3597, 6.7351, 5.8223, 6.1558, 6.5717, 6.0071, 4.9331,
    6.5689, 7.2247, 6.3650, 5.2441, 4.9180, 5.6818, 6.5352, 6.2222, 5.6941, 4.6516,
    5.4719, 4.6343,
  ]

#### win_rate_100
  Points: 52
  Min: 0.0000, Max: 0.9400, Mean: 0.8328
  Data: [
    0.0000, 0.7451, 0.8025, 0.7900, 0.7400, 0.7400, 0.8800, 0.8500, 0.8000, 0.7200,
    0.7300, 0.7700, 0.7700, 0.7900, 0.8200, 0.7900, 0.7600, 0.7900, 0.8700, 0.8800,
    0.8900, 0.8400, 0.7900, 0.8300, 0.8900, 0.9400, 0.9100, 0.8700, 0.8800, 0.8300,
    0.8400, 0.8500, 0.9100, 0.9000, 0.8700, 0.8900, 0.8800, 0.8800, 0.9000, 0.9400,
    0.8900, 0.8500, 0.8800, 0.9200, 0.9300, 0.9100, 0.8800, 0.8800, 0.8900, 0.9000,
    0.8900, 0.9200,
  ]


### TIME
#### elapsed_hours
  Points: 52
  Min: 0.0037, Max: 17.2928, Mean: 8.8504
  Data: [
    0.0037, 0.1802, 0.2879, 0.4771, 0.5848, 0.8706, 1.1754, 1.4330, 1.6056, 1.7753,
    1.9866, 2.1766, 2.3188, 2.4655, 2.6458, 2.8134, 3.1054, 3.2614, 3.4742, 3.6229,
    3.7589, 3.9789, 4.1590, 4.3683, 4.5116, 4.6462, 13.5288, 13.7040, 13.8107, 13.9582,
    14.0607, 14.1667, 14.3058, 14.4161, 14.5283, 14.7442, 14.9633, 15.1409, 15.2457, 15.3501,
    15.5692, 15.7068, 15.8126, 15.9865, 16.1036, 16.2414, 16.4934, 16.6373, 16.7684, 16.9131,
    17.0868, 17.2928,
  ]

#### episodes_per_hour
  Points: 52
  Min: 622.5702, Max: 1603731.4094, Mean: 33799.0908
  Data: [
    1603731.4094, 33163.9154, 20861.1758, 12694.3292, 10406.9378, 7082.8038, 5314.0833, 4407.6109, 3964.8217, 3614.0567,
    3259.8635, 2998.2633, 2831.5893, 2679.3500, 2515.6753, 2383.5812, 2185.2596, 2092.9600, 1982.0402, 1911.7312,
    1853.2049, 1765.8052, 1701.3799, 1633.5801, 1590.5507, 1553.0979, 717.4329, 711.9113, 708.5805, 703.9588,
    700.9631, 697.8329, 693.8461, 690.6178, 687.3478, 681.3529, 675.3861, 670.7654, 668.1230, 665.5341,
    660.0216, 656.7867, 654.2887, 650.2967, 647.4335, 644.4024, 638.8029, 635.6818, 633.0949, 630.0437,
    626.5671, 622.5702,
  ]

#### gradient_steps_per_second
  Points: 52
  Min: 5.3798, Max: 13533.7202, Mean: 285.3495
  Data: [
    13533.7202, 279.9916, 176.1703, 107.2487, 87.9462, 59.8951, 44.9675, 37.3178, 33.5820, 30.6228,
    27.6342, 25.4261, 24.0197, 22.7349, 21.3537, 20.2395, 18.5658, 17.7864, 16.8506, 16.2571,
    15.7635, 15.0258, 14.4822, 13.9103, 13.5472, 13.2314, 6.1801, 6.1335, 6.1054, 6.0664,
    6.0411, 6.0147, 5.9811, 5.9538, 5.9262, 5.8756, 5.8252, 5.7862, 5.7640, 5.7421,
    5.6956, 5.6683, 5.6473, 5.6136, 5.5894, 5.5638, 5.5166, 5.4902, 5.4685, 5.4427,
    5.4134, 5.3798,
  ]

#### steps_per_second
  Points: 52
  Min: 14.3184, Max: 42164.2529, Mean: 887.5142
  Data: [
    42164.2529, 870.3123, 547.0974, 333.1161, 273.2581, 186.1808, 139.4621, 115.6633, 104.0785, 94.8139,
    85.6822, 78.8842, 74.5883, 70.4830, 66.1950, 62.7374, 57.5269, 55.1215, 52.0916, 50.2510,
    48.6972, 46.3365, 44.5401, 42.6508, 41.4320, 40.3542, 16.9449, 16.7927, 16.7019, 16.6003,
    16.5066, 16.4155, 16.2983, 16.2045, 16.1182, 15.9490, 15.7805, 15.6417, 15.5659, 15.4913,
    15.3371, 15.2455, 15.1702, 15.0571, 14.9774, 14.8902, 14.7413, 14.6562, 14.5881, 14.5141,
    14.4215, 14.3184,
  ]


### EVAL
#### combined_win_rate
  Points: 45
  Min: 0.8200, Max: 1.0000, Mean: 0.9429
  Data: [
    0.9600, 0.8800, 0.9100, 0.8900, 0.8700, 0.8800, 0.8800, 0.9500, 0.8900, 0.9700,
    0.9200, 0.9400, 0.9200, 0.9300, 0.9400, 0.9800, 0.9600, 0.8700, 0.9700, 0.9700,
    0.9600, 0.9600, 0.9900, 0.9600, 0.9500, 0.9600, 0.9500, 1.0000, 0.9600, 0.9900,
    0.9600, 0.9500, 0.8200, 0.9700, 0.9700, 0.9700, 0.9900, 0.9900, 0.9600, 0.9600,
    0.9200, 0.9300, 0.9200, 0.9800, 0.9800,
  ]

#### gif_strong
  Points: 45
  Error: float() argument must be a string or a real number, not 'dict'

#### gif_weak
  Points: 45
  Error: float() argument must be a string or a real number, not 'dict'

#### strong_draws
  Points: 45
  Min: 0.0000, Max: 4.0000, Mean: 0.6889
  Data: [
    1.0000, 4.0000, 2.0000, 1.0000, 2.0000, 0.0000, 1.0000, 0.0000, 0.0000, 0.0000,
    0.0000, 0.0000, 3.0000, 2.0000, 0.0000, 0.0000, 0.0000, 0.0000, 0.0000, 0.0000,
    0.0000, 0.0000, 0.0000, 1.0000, 1.0000, 0.0000, 0.0000, 0.0000, 0.0000, 1.0000,
    1.0000, 1.0000, 1.0000, 1.0000, 2.0000, 0.0000, 0.0000, 1.0000, 0.0000, 0.0000,
    1.0000, 1.0000, 2.0000, 1.0000, 0.0000,
  ]

#### strong_losses
  Points: 45
  Min: 0.0000, Max: 8.0000, Mean: 1.9556
  Data: [
    2.0000, 5.0000, 5.0000, 8.0000, 4.0000, 4.0000, 2.0000, 1.0000, 6.0000, 2.0000,
    2.0000, 1.0000, 1.0000, 3.0000, 2.0000, 0.0000, 2.0000, 0.0000, 0.0000, 0.0000,
    2.0000, 2.0000, 0.0000, 1.0000, 2.0000, 2.0000, 2.0000, 0.0000, 2.0000, 0.0000,
    2.0000, 1.0000, 6.0000, 1.0000, 0.0000, 0.0000, 1.0000, 0.0000, 1.0000, 2.0000,
    4.0000, 3.0000, 2.0000, 0.0000, 2.0000,
  ]

#### strong_mean_reward
  Points: 45
  Min: 5.5077, Max: 9.4527, Mean: 8.2700
  Data: [
    8.0402, 6.2302, 6.0532, 5.5077, 6.9352, 7.4530, 7.8865, 8.8178, 6.6510, 8.3571,
    8.3801, 8.6678, 8.3007, 7.7324, 8.5131, 9.3471, 8.6064, 9.3591, 9.2225, 9.4522,
    8.5302, 8.4842, 9.4527, 8.7231, 8.1076, 8.4794, 8.5582, 9.3509, 8.4165, 9.1597,
    8.2788, 8.5808, 6.4081, 8.3057, 8.8478, 9.3891, 8.8212, 9.0871, 8.8831, 8.3764,
    7.2267, 7.8277, 7.7307, 9.1992, 8.4137,
  ]

#### strong_win_rate
  Points: 45
  Min: 0.8200, Max: 1.0000, Mean: 0.9471
  Data: [
    0.9400, 0.8200, 0.8600, 0.8200, 0.8800, 0.9200, 0.9400, 0.9800, 0.8800, 0.9600,
    0.9600, 0.9800, 0.9200, 0.9000, 0.9600, 1.0000, 0.9600, 1.0000, 1.0000, 1.0000,
    0.9600, 0.9600, 1.0000, 0.9600, 0.9400, 0.9600, 0.9600, 1.0000, 0.9600, 0.9800,
    0.9400, 0.9600, 0.8600, 0.9600, 0.9600, 1.0000, 0.9800, 0.9800, 0.9800, 0.9600,
    0.9000, 0.9200, 0.9200, 0.9800, 0.9600,
  ]

#### strong_wins
  Points: 45
  Min: 41.0000, Max: 50.0000, Mean: 47.3556
  Data: [
    47.0000, 41.0000, 43.0000, 41.0000, 44.0000, 46.0000, 47.0000, 49.0000, 44.0000, 48.0000,
    48.0000, 49.0000, 46.0000, 45.0000, 48.0000, 50.0000, 48.0000, 50.0000, 50.0000, 50.0000,
    48.0000, 48.0000, 50.0000, 48.0000, 47.0000, 48.0000, 48.0000, 50.0000, 48.0000, 49.0000,
    47.0000, 48.0000, 43.0000, 48.0000, 48.0000, 50.0000, 49.0000, 49.0000, 49.0000, 48.0000,
    45.0000, 46.0000, 46.0000, 49.0000, 48.0000,
  ]

#### weak_draws
  Points: 45
  Min: 0.0000, Max: 6.0000, Mean: 1.2000
  Data: [
    0.0000, 1.0000, 0.0000, 1.0000, 3.0000, 1.0000, 4.0000, 0.0000, 3.0000, 1.0000,
    3.0000, 2.0000, 3.0000, 1.0000, 1.0000, 0.0000, 1.0000, 2.0000, 2.0000, 2.0000,
    2.0000, 0.0000, 1.0000, 0.0000, 0.0000, 1.0000, 0.0000, 0.0000, 0.0000, 0.0000,
    1.0000, 2.0000, 6.0000, 0.0000, 0.0000, 2.0000, 0.0000, 0.0000, 0.0000, 1.0000,
    1.0000, 2.0000, 3.0000, 1.0000, 0.0000,
  ]

#### weak_losses
  Points: 45
  Min: 0.0000, Max: 11.0000, Mean: 1.8667
  Data: [
    1.0000, 2.0000, 2.0000, 1.0000, 4.0000, 7.0000, 5.0000, 4.0000, 2.0000, 0.0000,
    3.0000, 3.0000, 1.0000, 1.0000, 3.0000, 2.0000, 1.0000, 11.0000, 1.0000, 1.0000,
    0.0000, 2.0000, 0.0000, 2.0000, 2.0000, 1.0000, 3.0000, 0.0000, 2.0000, 0.0000,
    0.0000, 1.0000, 5.0000, 1.0000, 1.0000, 1.0000, 0.0000, 0.0000, 3.0000, 1.0000,
    2.0000, 1.0000, 1.0000, 0.0000, 0.0000,
  ]

#### weak_mean_reward
  Points: 45
  Min: 4.5523, Max: 9.5732, Mean: 8.4488
  Data: [
    9.0390, 8.4241, 8.6066, 8.8982, 7.2324, 6.3204, 6.3976, 7.7973, 7.9755, 9.3199,
    7.4737, 7.8571, 8.5032, 8.8493, 7.9796, 8.7342, 8.9752, 4.5523, 8.3131, 8.3428,
    9.1328, 8.6632, 9.2637, 8.6499, 8.7379, 8.9091, 8.0935, 9.5310, 8.6587, 9.5436,
    9.3100, 8.6976, 6.1162, 9.0208, 9.1290, 8.5678, 9.5046, 9.5732, 8.1748, 8.7520,
    8.4934, 8.7553, 8.4207, 9.3832, 9.5245,
  ]

#### weak_win_rate
  Points: 45
  Min: 0.7400, Max: 1.0000, Mean: 0.9387
  Data: [
    0.9800, 0.9400, 0.9600, 0.9600, 0.8600, 0.8400, 0.8200, 0.9200, 0.9000, 0.9800,
    0.8800, 0.9000, 0.9200, 0.9600, 0.9200, 0.9600, 0.9600, 0.7400, 0.9400, 0.9400,
    0.9600, 0.9600, 0.9800, 0.9600, 0.9600, 0.9600, 0.9400, 1.0000, 0.9600, 1.0000,
    0.9800, 0.9400, 0.7800, 0.9800, 0.9800, 0.9400, 1.0000, 1.0000, 0.9400, 0.9600,
    0.9400, 0.9400, 0.9200, 0.9800, 1.0000,
  ]

#### weak_wins
  Points: 45
  Min: 37.0000, Max: 50.0000, Mean: 46.9333
  Data: [
    49.0000, 47.0000, 48.0000, 48.0000, 43.0000, 42.0000, 41.0000, 46.0000, 45.0000, 49.0000,
    44.0000, 45.0000, 46.0000, 48.0000, 46.0000, 48.0000, 48.0000, 37.0000, 47.0000, 47.0000,
    48.0000, 48.0000, 49.0000, 48.0000, 48.0000, 48.0000, 47.0000, 50.0000, 48.0000, 50.0000,
    49.0000, 47.0000, 39.0000, 49.0000, 49.0000, 47.0000, 50.0000, 50.0000, 47.0000, 48.0000,
    47.0000, 47.0000, 46.0000, 49.0000, 50.0000,
  ]


### SELFPLAY
#### active
  Points: 52
  Min: 1.0000, Max: 1.0000, Mean: 1.0000
  Data: [
    1.0000, 1.0000, 1.0000, 1.0000, 1.0000, 1.0000, 1.0000, 1.0000, 1.0000, 1.0000,
    1.0000, 1.0000, 1.0000, 1.0000, 1.0000, 1.0000, 1.0000, 1.0000, 1.0000, 1.0000,
    1.0000, 1.0000, 1.0000, 1.0000, 1.0000, 1.0000, 1.0000, 1.0000, 1.0000, 1.0000,
    1.0000, 1.0000, 1.0000, 1.0000, 1.0000, 1.0000, 1.0000, 1.0000, 1.0000, 1.0000,
    1.0000, 1.0000, 1.0000, 1.0000, 1.0000, 1.0000, 1.0000, 1.0000, 1.0000, 1.0000,
    1.0000, 1.0000,
  ]

#### anchor_ratio_actual
  Points: 52
  Min: 0.0000, Max: 0.4924, Mean: 0.4697
  Data: [
    0.0000, 0.4314, 0.4444, 0.4427, 0.4410, 0.4315, 0.4579, 0.4578, 0.4580, 0.4521,
    0.4682, 0.4676, 0.4743, 0.4743, 0.4761, 0.4802, 0.4808, 0.4806, 0.4901, 0.4865,
    0.4909, 0.4877, 0.4813, 0.4715, 0.4684, 0.4663, 0.4919, 0.4918, 0.4921, 0.4912,
    0.4915, 0.4913, 0.4911, 0.4904, 0.4898, 0.4902, 0.4903, 0.4916, 0.4924, 0.4922,
    0.4914, 0.4910, 0.4904, 0.4905, 0.4910, 0.4904, 0.4888, 0.4894, 0.4890, 0.4895,
    0.4901, 0.4910,
  ]

#### anchor_strong_count
  Points: 52
  Min: 0.0000, Max: 1189.0000, Mean: 603.6154
  Data: [
    0.0000, 11.0000, 18.0000, 29.0000, 35.0000, 52.0000, 73.0000, 90.0000, 101.0000, 111.0000,
    129.0000, 141.0000, 152.0000, 161.0000, 174.0000, 187.0000, 207.0000, 217.0000, 236.0000, 243.0000,
    255.0000, 269.0000, 277.0000, 285.0000, 293.0000, 301.0000, 930.0000, 942.0000, 950.0000, 958.0000,
    966.0000, 973.0000, 983.0000, 988.0000, 994.0000, 1010.0000, 1025.0000, 1040.0000, 1049.0000, 1056.0000,
    1069.0000, 1078.0000, 1084.0000, 1096.0000, 1105.0000, 1114.0000, 1127.0000, 1138.0000, 1147.0000, 1158.0000,
    1172.0000, 1189.0000,
  ]

#### anchor_weak_count
  Points: 52
  Min: 0.0000, Max: 1188.0000, Mean: 603.6346
  Data: [
    0.0000, 11.0000, 18.0000, 29.0000, 36.0000, 52.0000, 74.0000, 89.0000, 101.0000, 111.0000,
    129.0000, 140.0000, 152.0000, 162.0000, 174.0000, 188.0000, 207.0000, 216.0000, 235.0000, 244.0000,
    256.0000, 268.0000, 277.0000, 286.0000, 293.0000, 301.0000, 930.0000, 942.0000, 950.0000, 958.0000,
    966.0000, 973.0000, 982.0000, 989.0000, 995.0000, 1010.0000, 1025.0000, 1040.0000, 1049.0000, 1056.0000,
    1069.0000, 1078.0000, 1084.0000, 1097.0000, 1105.0000, 1113.0000, 1127.0000, 1138.0000, 1147.0000, 1158.0000,
    1171.0000, 1188.0000,
  ]

#### anchor_weak_ratio
  Points: 52
  Min: 0.4872, Max: 0.6000, Mean: 0.5020
  Data: [
    0.6000, 0.5172, 0.4872, 0.5000, 0.5000, 0.5000, 0.5000, 0.5000, 0.4976, 0.5000,
    0.4981, 0.5017, 0.5016, 0.5000, 0.5000, 0.5000, 0.5000, 0.5011, 0.5000, 0.4990,
    0.5000, 0.5000, 0.5000, 0.4991, 0.5000, 0.5008, 0.4997, 0.5000, 0.5000, 0.5003,
    0.5000, 0.5000, 0.5000, 0.5003, 0.5003, 0.5002, 0.5000, 0.5000, 0.5000, 0.5000,
    0.5002, 0.5000, 0.5000, 0.5002, 0.5000, 0.4998, 0.5000, 0.5000, 0.5000, 0.5000,
    0.4998, 0.4998,
  ]

#### current_opponent_episode
  Points: 52
  Min: 5925.0000, Max: 10500.0000, Mean: 7441.8269
  Data: [
    5925.0000, 5925.0000, 6000.0000, 5925.0000, 5925.0000, 5925.0000, 6000.0000, 6000.0000, 6000.0000, 6000.0000,
    6000.0000, 5925.0000, 6000.0000, 6000.0000, 6000.0000, 6500.0000, 6500.0000, 6500.0000, 6000.0000, 6500.0000,
    6500.0000, 6000.0000, 7000.0000, 5925.0000, 7000.0000, 6500.0000, 9500.0000, 9000.0000, 9000.0000, 8000.0000,
    9000.0000, 8500.0000, 8000.0000, 7500.0000, 9500.0000, 9000.0000, 10000.0000, 9000.0000, 10000.0000, 7500.0000,
    9000.0000, 9000.0000, 8500.0000, 8500.0000, 8000.0000, 8500.0000, 8500.0000, 10500.0000, 8000.0000, 8500.0000,
    6500.0000, 9500.0000,
  ]

#### current_opponent_idx
  Points: 52
  Min: 0.0000, Max: 10.0000, Mean: 3.7692
  Data: [
    0.0000, 0.0000, 1.0000, 0.0000, 0.0000, 0.0000, 1.0000, 1.0000, 1.0000, 1.0000,
    1.0000, 0.0000, 1.0000, 1.0000, 1.0000, 2.0000, 2.0000, 2.0000, 1.0000, 2.0000,
    2.0000, 1.0000, 3.0000, 0.0000, 3.0000, 2.0000, 8.0000, 7.0000, 7.0000, 5.0000,
    7.0000, 6.0000, 5.0000, 4.0000, 8.0000, 7.0000, 9.0000, 7.0000, 9.0000, 4.0000,
    7.0000, 7.0000, 6.0000, 6.0000, 5.0000, 6.0000, 6.0000, 10.0000, 5.0000, 6.0000,
    2.0000, 8.0000,
  ]

#### episodes_since_activation
  Points: 52
  Min: 1.0000, Max: 4841.0000, Mean: 2471.0000
  Data: [
    1.0000, 51.0000, 81.0000, 131.0000, 161.0000, 241.0000, 321.0000, 391.0000, 441.0000, 491.0000,
    551.0000, 601.0000, 641.0000, 681.0000, 731.0000, 781.0000, 861.0000, 901.0000, 961.0000, 1001.0000,
    1041.0000, 1101.0000, 1151.0000, 1211.0000, 1251.0000, 1291.0000, 3781.0000, 3831.0000, 3861.0000, 3901.0000,
    3931.0000, 3961.0000, 4001.0000, 4031.0000, 4061.0000, 4121.0000, 4181.0000, 4231.0000, 4261.0000, 4291.0000,
    4351.0000, 4391.0000, 4421.0000, 4471.0000, 4501.0000, 4541.0000, 4611.0000, 4651.0000, 4691.0000, 4731.0000,
    4781.0000, 4841.0000,
  ]

#### newest_opponent_episode
  Points: 52
  Min: 5925.0000, Max: 10500.0000, Mean: 8160.5769
  Data: [
    5925.0000, 5925.0000, 6000.0000, 6000.0000, 6000.0000, 6000.0000, 6000.0000, 6000.0000, 6000.0000, 6000.0000,
    6000.0000, 6500.0000, 6500.0000, 6500.0000, 6500.0000, 6500.0000, 6500.0000, 6500.0000, 6500.0000, 6500.0000,
    6500.0000, 7000.0000, 7000.0000, 7000.0000, 7000.0000, 7000.0000, 9500.0000, 9500.0000, 9500.0000, 9500.0000,
    9500.0000, 9500.0000, 9500.0000, 9500.0000, 9500.0000, 10000.0000, 10000.0000, 10000.0000, 10000.0000, 10000.0000,
    10000.0000, 10000.0000, 10000.0000, 10000.0000, 10000.0000, 10000.0000, 10500.0000, 10500.0000, 10500.0000, 10500.0000,
    10500.0000, 10500.0000,
  ]

#### oldest_opponent_episode
  Points: 52
  Min: 5925.0000, Max: 5925.0000, Mean: 5925.0000
  Data: [
    5925.0000, 5925.0000, 5925.0000, 5925.0000, 5925.0000, 5925.0000, 5925.0000, 5925.0000, 5925.0000, 5925.0000,
    5925.0000, 5925.0000, 5925.0000, 5925.0000, 5925.0000, 5925.0000, 5925.0000, 5925.0000, 5925.0000, 5925.0000,
    5925.0000, 5925.0000, 5925.0000, 5925.0000, 5925.0000, 5925.0000, 5925.0000, 5925.0000, 5925.0000, 5925.0000,
    5925.0000, 5925.0000, 5925.0000, 5925.0000, 5925.0000, 5925.0000, 5925.0000, 5925.0000, 5925.0000, 5925.0000,
    5925.0000, 5925.0000, 5925.0000, 5925.0000, 5925.0000, 5925.0000, 5925.0000, 5925.0000, 5925.0000, 5925.0000,
    5925.0000, 5925.0000,
  ]

#### pfsp_avg_winrate
  Points: 52
  Min: 0.5000, Max: 0.8804, Mean: 0.7694
  Data: [
    0.5000, 0.6250, 0.5909, 0.5809, 0.6161, 0.6408, 0.6877, 0.7328, 0.7400, 0.7500,
    0.7600, 0.5986, 0.5800, 0.5711, 0.6123, 0.6590, 0.6914, 0.7071, 0.7092, 0.7413,
    0.7633, 0.7541, 0.7581, 0.7754, 0.8050, 0.8296, 0.8421, 0.8372, 0.8435, 0.8438,
    0.8446, 0.8475, 0.8537, 0.8557, 0.8563, 0.8132, 0.8404, 0.8401, 0.8461, 0.8536,
    0.8612, 0.8617, 0.8654, 0.8680, 0.8742, 0.8804, 0.8722, 0.8693, 0.8656, 0.8636,
    0.8603, 0.8690,
  ]

#### pfsp_max_winrate
  Points: 52
  Min: 0.5000, Max: 0.9900, Mean: 0.9269
  Data: [
    0.5000, 0.6250, 0.6818, 0.7500, 0.7600, 0.7907, 0.8300, 0.9000, 0.9000, 0.9100,
    0.9100, 0.9200, 0.9200, 0.9300, 0.9300, 0.9300, 0.9500, 0.9500, 0.9400, 0.9400,
    0.9400, 0.9400, 0.9400, 0.9300, 0.9300, 0.9300, 0.9800, 0.9800, 0.9800, 0.9800,
    0.9800, 0.9800, 0.9800, 0.9800, 0.9800, 0.9800, 0.9800, 0.9800, 0.9900, 0.9900,
    0.9900, 0.9900, 0.9900, 0.9900, 0.9900, 0.9900, 0.9900, 0.9900, 0.9900, 0.9900,
    0.9900, 0.9900,
  ]

#### pfsp_min_winrate
  Points: 52
  Min: 0.1333, Max: 0.6984, Mean: 0.5286
  Data: [
    0.5000, 0.6250, 0.5000, 0.4118, 0.4722, 0.4909, 0.5455, 0.5657, 0.5800, 0.5900,
    0.6100, 0.2857, 0.2000, 0.1333, 0.2069, 0.3171, 0.3443, 0.3714, 0.3875, 0.4639,
    0.5000, 0.5600, 0.5926, 0.6216, 0.6600, 0.6984, 0.5600, 0.5500, 0.5600, 0.5800,
    0.6000, 0.6071, 0.6300, 0.6212, 0.6164, 0.4000, 0.5833, 0.5714, 0.5556, 0.5909,
    0.6333, 0.6000, 0.6000, 0.6098, 0.6522, 0.6538, 0.6500, 0.6462, 0.6000, 0.5625,
    0.5000, 0.5200,
  ]

#### pfsp_num_tracked
  Points: 52
  Min: 1.0000, Max: 11.0000, Mean: 6.2885
  Data: [
    1.0000, 1.0000, 2.0000, 2.0000, 2.0000, 2.0000, 2.0000, 2.0000, 2.0000, 2.0000,
    2.0000, 3.0000, 3.0000, 3.0000, 3.0000, 3.0000, 3.0000, 3.0000, 3.0000, 3.0000,
    3.0000, 4.0000, 4.0000, 4.0000, 4.0000, 4.0000, 9.0000, 9.0000, 9.0000, 9.0000,
    9.0000, 9.0000, 9.0000, 9.0000, 9.0000, 10.0000, 10.0000, 10.0000, 10.0000, 10.0000,
    10.0000, 10.0000, 10.0000, 10.0000, 10.0000, 10.0000, 11.0000, 11.0000, 11.0000, 11.0000,
    11.0000, 11.0000,
  ]

#### pfsp_std_winrate
  Points: 52
  Min: 0.0000, Max: 0.3300, Mean: 0.1567
  Data: [
    0.0000, 0.0000, 0.0909, 0.1691, 0.1439, 0.1499, 0.1423, 0.1672, 0.1600, 0.1600,
    0.1500, 0.2590, 0.2953, 0.3300, 0.3016, 0.2552, 0.2551, 0.2452, 0.2345, 0.2022,
    0.1898, 0.1596, 0.1536, 0.1281, 0.1064, 0.0919, 0.1500, 0.1583, 0.1516, 0.1489,
    0.1481, 0.1478, 0.1381, 0.1370, 0.1386, 0.1893, 0.1455, 0.1497, 0.1466, 0.1375,
    0.1283, 0.1313, 0.1283, 0.1257, 0.1144, 0.1126, 0.1132, 0.1202, 0.1292, 0.1356,
    0.1457, 0.1385,
  ]

#### pool_size
  Points: 52
  Min: 1.0000, Max: 11.0000, Mean: 6.2885
  Data: [
    1.0000, 1.0000, 2.0000, 2.0000, 2.0000, 2.0000, 2.0000, 2.0000, 2.0000, 2.0000,
    2.0000, 3.0000, 3.0000, 3.0000, 3.0000, 3.0000, 3.0000, 3.0000, 3.0000, 3.0000,
    3.0000, 4.0000, 4.0000, 4.0000, 4.0000, 4.0000, 9.0000, 9.0000, 9.0000, 9.0000,
    9.0000, 9.0000, 9.0000, 9.0000, 9.0000, 10.0000, 10.0000, 10.0000, 10.0000, 10.0000,
    10.0000, 10.0000, 10.0000, 10.0000, 10.0000, 10.0000, 11.0000, 11.0000, 11.0000, 11.0000,
    11.0000, 11.0000,
  ]

#### selfplay_count
  Points: 52
  Min: 1.0000, Max: 2464.0000, Mean: 1263.7500
  Data: [
    1.0000, 29.0000, 45.0000, 73.0000, 90.0000, 137.0000, 174.0000, 212.0000, 239.0000, 269.0000,
    293.0000, 320.0000, 337.0000, 358.0000, 383.0000, 406.0000, 447.0000, 468.0000, 490.0000, 514.0000,
    530.0000, 564.0000, 597.0000, 640.0000, 665.0000, 689.0000, 1921.0000, 1947.0000, 1961.0000, 1985.0000,
    1999.0000, 2015.0000, 2036.0000, 2054.0000, 2072.0000, 2101.0000, 2131.0000, 2151.0000, 2163.0000, 2179.0000,
    2213.0000, 2235.0000, 2253.0000, 2278.0000, 2291.0000, 2314.0000, 2357.0000, 2375.0000, 2397.0000, 2415.0000,
    2438.0000, 2464.0000,
  ]

#### selfplay_ratio_actual
  Points: 52
  Min: 0.5076, Max: 1.0000, Mean: 0.5303
  Data: [
    1.0000, 0.5686, 0.5556, 0.5573, 0.5590, 0.5685, 0.5421, 0.5422, 0.5420, 0.5479,
    0.5318, 0.5324, 0.5257, 0.5257, 0.5239, 0.5198, 0.5192, 0.5194, 0.5099, 0.5135,
    0.5091, 0.5123, 0.5187, 0.5285, 0.5316, 0.5337, 0.5081, 0.5082, 0.5079, 0.5088,
    0.5085, 0.5087, 0.5089, 0.5096, 0.5102, 0.5098, 0.5097, 0.5084, 0.5076, 0.5078,
    0.5086, 0.5090, 0.5096, 0.5095, 0.5090, 0.5096, 0.5112, 0.5106, 0.5110, 0.5105,
    0.5099, 0.5090,
  ]

#### weak_ratio_target
  Points: 52
  Min: 0.5000, Max: 0.5000, Mean: 0.5000
  Data: [
    0.5000, 0.5000, 0.5000, 0.5000, 0.5000, 0.5000, 0.5000, 0.5000, 0.5000, 0.5000,
    0.5000, 0.5000, 0.5000, 0.5000, 0.5000, 0.5000, 0.5000, 0.5000, 0.5000, 0.5000,
    0.5000, 0.5000, 0.5000, 0.5000, 0.5000, 0.5000, 0.5000, 0.5000, 0.5000, 0.5000,
    0.5000, 0.5000, 0.5000, 0.5000, 0.5000, 0.5000, 0.5000, 0.5000, 0.5000, 0.5000,
    0.5000, 0.5000, 0.5000, 0.5000, 0.5000, 0.5000, 0.5000, 0.5000, 0.5000, 0.5000,
    0.5000, 0.5000,
  ]

#### winrate_middle_third
  Points: 50
  Min: 0.4000, Max: 0.9650, Mean: 0.7914
  Data: [
    0.5000, 0.4286, 0.4000, 0.4909, 0.5694, 0.5667, 0.5652, 0.5496, 0.5696, 0.5765,
    0.5912, 0.6062, 0.6300, 0.6550, 0.6750, 0.6850, 0.7000, 0.7050, 0.7150, 0.7200,
    0.7300, 0.7550, 0.7700, 0.7850, 0.8100, 0.9650, 0.9650, 0.9600, 0.9600, 0.9650,
    0.9650, 0.9650, 0.9650, 0.9650, 0.9650, 0.9650, 0.9650, 0.9650, 0.9550, 0.9450,
    0.9400, 0.9400, 0.9350, 0.9350, 0.9350, 0.9350, 0.9400, 0.9450, 0.9400, 0.9400,
  ]

#### winrate_newest_third
  Points: 50
  Min: 0.0000, Max: 0.8000, Mean: 0.6055
  Data: [
    0.0000, 0.2222, 0.1538, 0.2174, 0.2333, 0.3396, 0.3582, 0.4026, 0.4096, 0.4554,
    0.5044, 0.5147, 0.5342, 0.5425, 0.5673, 0.5856, 0.5902, 0.6041, 0.6100, 0.6250,
    0.6550, 0.6800, 0.6850, 0.6850, 0.7750, 0.6950, 0.6450, 0.6700, 0.6600, 0.6650,
    0.6700, 0.6800, 0.7000, 0.7050, 0.7300, 0.7200, 0.7350, 0.7450, 0.7400, 0.7400,
    0.7500, 0.7600, 0.7750, 0.7800, 0.8000, 0.7850, 0.7950, 0.7850, 0.7950, 0.8000,
  ]

#### winrate_oldest_third
  Points: 52
  Min: 0.5000, Max: 0.9700, Mean: 0.8908
  Data: [
    0.5000, 0.6250, 0.6818, 0.7500, 0.7600, 0.7907, 0.8173, 0.8281, 0.8333, 0.8417,
    0.8429, 0.8503, 0.8514, 0.8562, 0.8599, 0.8616, 0.8659, 0.8659, 0.8631, 0.8613,
    0.8621, 0.8659, 0.8698, 0.8650, 0.8850, 0.8950, 0.9600, 0.9600, 0.9600, 0.9600,
    0.9600, 0.9600, 0.9550, 0.9550, 0.9600, 0.9600, 0.9600, 0.9600, 0.9700, 0.9700,
    0.9700, 0.9650, 0.9650, 0.9650, 0.9700, 0.9700, 0.9700, 0.9700, 0.9700, 0.9700,
    0.9700, 0.9700,
  ]

#### winrate_vs_pool_overall
  Points: 52
  Min: 0.5000, Max: 0.8460, Mean: 0.7349
  Data: [
    0.5000, 0.6250, 0.6538, 0.6753, 0.6667, 0.6738, 0.7017, 0.7137, 0.7040, 0.6990,
    0.6980, 0.6963, 0.6930, 0.6925, 0.6911, 0.6912, 0.6849, 0.6851, 0.6856, 0.7000,
    0.6980, 0.7040, 0.7100, 0.7180, 0.7240, 0.7300, 0.7560, 0.7520, 0.7500, 0.7560,
    0.7520, 0.7520, 0.7500, 0.7560, 0.7520, 0.7540, 0.7580, 0.7620, 0.7740, 0.7840,
    0.7860, 0.7840, 0.7920, 0.7920, 0.8040, 0.8140, 0.8300, 0.8340, 0.8360, 0.8360,
    0.8380, 0.8460,
  ]


### WORLD
#### continue_actual_mean
  Points: 52
  Min: 0.9768, Max: 0.9940, Mean: 0.9859
  Data: [
    0.9839, 0.9869, 0.9869, 0.9768, 0.9869, 0.9879, 0.9849, 0.9859, 0.9919, 0.9909,
    0.9879, 0.9940, 0.9869, 0.9859, 0.9879, 0.9808, 0.9889, 0.9869, 0.9879, 0.9849,
    0.9899, 0.9909, 0.9879, 0.9839, 0.9919, 0.9899, 0.9829, 0.9849, 0.9889, 0.9839,
    0.9859, 0.9869, 0.9909, 0.9849, 0.9808, 0.9808, 0.9839, 0.9859, 0.9869, 0.9808,
    0.9839, 0.9859, 0.9879, 0.9808, 0.9849, 0.9839, 0.9859, 0.9819, 0.9859, 0.9798,
    0.9829, 0.9879,
  ]

#### continue_loss
  Points: 52
  Min: 0.0001, Max: 0.0176, Mean: 0.0014
  Data: [
    0.0019, 0.0002, 0.0010, 0.0025, 0.0001, 0.0001, 0.0023, 0.0001, 0.0003, 0.0011,
    0.0001, 0.0003, 0.0001, 0.0008, 0.0002, 0.0009, 0.0002, 0.0005, 0.0003, 0.0005,
    0.0012, 0.0002, 0.0004, 0.0006, 0.0002, 0.0082, 0.0002, 0.0004, 0.0008, 0.0091,
    0.0002, 0.0004, 0.0002, 0.0005, 0.0016, 0.0012, 0.0002, 0.0013, 0.0005, 0.0009,
    0.0025, 0.0003, 0.0003, 0.0030, 0.0009, 0.0002, 0.0008, 0.0016, 0.0009, 0.0007,
    0.0176, 0.0006,
  ]

#### continue_pred_mean
  Points: 52
  Min: 0.9763, Max: 0.9941, Mean: 0.9859
  Data: [
    0.9839, 0.9868, 0.9875, 0.9763, 0.9869, 0.9879, 0.9839, 0.9859, 0.9918, 0.9901,
    0.9878, 0.9941, 0.9868, 0.9853, 0.9877, 0.9806, 0.9889, 0.9870, 0.9877, 0.9850,
    0.9892, 0.9907, 0.9880, 0.9839, 0.9920, 0.9919, 0.9828, 0.9848, 0.9885, 0.9838,
    0.9859, 0.9871, 0.9911, 0.9847, 0.9816, 0.9799, 0.9839, 0.9853, 0.9869, 0.9809,
    0.9827, 0.9859, 0.9881, 0.9793, 0.9850, 0.9838, 0.9853, 0.9826, 0.9865, 0.9797,
    0.9848, 0.9875,
  ]

#### kl_loss
  Points: 52
  Min: 2.7767, Max: 4.1619, Mean: 3.5996
  Data: [
    2.7767, 2.7963, 3.0236, 3.0597, 3.0866, 3.3833, 3.5533, 3.4106, 3.7439, 3.5804,
    3.2992, 4.0811, 3.6391, 3.3433, 3.7537, 3.8842, 3.9003, 3.7579, 3.5542, 4.0886,
    3.9493, 3.9410, 3.7938, 3.8428, 3.7586, 3.8342, 3.5993, 3.5321, 3.6255, 3.4588,
    3.5512, 3.5361, 4.1619, 3.6596, 3.6289, 3.3816, 3.4566, 3.6957, 3.5436, 3.6343,
    3.4329, 3.6034, 3.7496, 3.6982, 3.7083, 3.7533, 3.7676, 3.6703, 3.6437, 3.5132,
    3.7548, 3.5831,
  ]

#### latent_entropy
  Points: 52
  Min: 1.3037, Max: 1.4821, Mean: 1.4006
  Data: [
    1.4042, 1.3803, 1.3827, 1.3171, 1.3434, 1.3316, 1.3113, 1.3037, 1.3421, 1.3327,
    1.3525, 1.3314, 1.3360, 1.3554, 1.3578, 1.3063, 1.3564, 1.3490, 1.3702, 1.3139,
    1.3363, 1.3521, 1.3782, 1.3605, 1.3823, 1.3871, 1.4317, 1.4690, 1.4821, 1.4552,
    1.4669, 1.4506, 1.4540, 1.4517, 1.4484, 1.4485, 1.4484, 1.4645, 1.4601, 1.4577,
    1.4451, 1.4382, 1.4733, 1.4270, 1.4392, 1.4270, 1.4603, 1.4519, 1.4635, 1.4314,
    1.4590, 1.4506,
  ]

#### loss
  Points: 52
  Min: 19.8786, Max: 21.3789, Mean: 20.8014
  Data: [
    19.9107, 19.8786, 20.1504, 20.2840, 20.2473, 20.5109, 20.7727, 20.6059, 20.8915, 20.8584,
    20.3592, 21.3528, 20.7984, 20.4911, 20.9379, 21.1330, 21.1413, 20.9142, 20.7161, 21.3579,
    21.1806, 21.2105, 20.9977, 21.0309, 20.9267, 21.1976, 20.7899, 20.6874, 20.8625, 20.6041,
    20.7087, 20.7315, 21.3789, 20.8155, 20.9477, 20.5555, 20.6227, 20.9773, 20.7765, 20.8969,
    20.6712, 20.7756, 20.9789, 20.9797, 20.8732, 20.9076, 21.0077, 20.8720, 20.8706, 20.7336,
    21.0294, 20.7614,
  ]

#### prior_posterior_kl
  Points: 52
  Min: 0.2190, Max: 0.2986, Mean: 0.2663
  Data: [
    0.2190, 0.2202, 0.2330, 0.2350, 0.2372, 0.2542, 0.2635, 0.2557, 0.2746, 0.2656,
    0.2489, 0.2939, 0.2686, 0.2518, 0.2752, 0.2827, 0.2836, 0.2753, 0.2636, 0.2945,
    0.2865, 0.2861, 0.2776, 0.2801, 0.2757, 0.2799, 0.2663, 0.2625, 0.2675, 0.2582,
    0.2634, 0.2626, 0.2986, 0.2699, 0.2678, 0.2539, 0.2578, 0.2719, 0.2631, 0.2685,
    0.2567, 0.2666, 0.2747, 0.2720, 0.2726, 0.2753, 0.2759, 0.2705, 0.2688, 0.2613,
    0.2754, 0.2657,
  ]

#### recon_error_max
  Points: 52
  Min: 0.3001, Max: 1.8667, Mean: 0.6367
  Data: [
    0.3356, 0.4079, 0.8635, 0.6491, 1.1710, 0.9934, 1.8667, 0.4492, 0.7082, 0.8504,
    0.3214, 0.4920, 1.0027, 0.4954, 0.6709, 0.6053, 0.6224, 0.6579, 0.3893, 0.5011,
    0.5248, 0.7049, 0.6977, 0.5918, 0.8343, 0.5264, 0.4131, 0.3883, 0.3001, 0.3459,
    0.5215, 0.3744, 0.9831, 0.3576, 1.1386, 0.5811, 0.4210, 0.5240, 1.0276, 0.6862,
    0.7847, 0.6149, 0.4409, 0.4796, 0.6017, 0.3332, 0.9223, 0.4678, 0.6310, 0.4500,
    0.8099, 0.5757,
  ]

#### recon_error_mean
  Points: 52
  Min: 0.0231, Max: 0.0366, Mean: 0.0306
  Data: [
    0.0231, 0.0260, 0.0300, 0.0292, 0.0283, 0.0288, 0.0325, 0.0316, 0.0345, 0.0336,
    0.0265, 0.0366, 0.0312, 0.0304, 0.0338, 0.0331, 0.0346, 0.0322, 0.0296, 0.0360,
    0.0329, 0.0343, 0.0329, 0.0317, 0.0315, 0.0323, 0.0258, 0.0278, 0.0287, 0.0294,
    0.0314, 0.0293, 0.0342, 0.0294, 0.0310, 0.0281, 0.0251, 0.0305, 0.0319, 0.0316,
    0.0295, 0.0282, 0.0317, 0.0285, 0.0285, 0.0273, 0.0317, 0.0310, 0.0314, 0.0280,
    0.0338, 0.0305,
  ]

#### recon_error_std
  Points: 52
  Min: 0.0312, Max: 0.0737, Mean: 0.0457
  Data: [
    0.0323, 0.0409, 0.0491, 0.0506, 0.0555, 0.0498, 0.0737, 0.0470, 0.0540, 0.0599,
    0.0339, 0.0479, 0.0561, 0.0404, 0.0546, 0.0473, 0.0523, 0.0465, 0.0368, 0.0488,
    0.0432, 0.0464, 0.0501, 0.0439, 0.0516, 0.0472, 0.0312, 0.0362, 0.0336, 0.0373,
    0.0449, 0.0402, 0.0552, 0.0343, 0.0568, 0.0407, 0.0354, 0.0440, 0.0583, 0.0456,
    0.0429, 0.0455, 0.0433, 0.0354, 0.0362, 0.0353, 0.0500, 0.0426, 0.0466, 0.0386,
    0.0582, 0.0479,
  ]

#### recon_loss
  Points: 52
  Min: 16.7487, Max: 16.8699, Mean: 16.8163
  Data: [
    16.7487, 16.7748, 16.8106, 16.8038, 16.7956, 16.8003, 16.8338, 16.8248, 16.8514, 16.8436,
    16.7796, 16.8699, 16.8220, 16.8148, 16.8454, 16.8389, 16.8520, 16.8303, 16.8070, 16.8652,
    16.8373, 16.8495, 16.8372, 16.8265, 16.8242, 16.8319, 16.7728, 16.7910, 16.7988, 16.8051,
    16.8234, 16.8044, 16.8490, 16.8054, 16.8197, 16.7937, 16.7664, 16.8154, 16.8278, 16.8255,
    16.8065, 16.7947, 16.8262, 16.7977, 16.7970, 16.7869, 16.8260, 16.8198, 16.8235, 16.7925,
    16.8447, 16.8154,
  ]

#### reward_actual_mean
  Points: 52
  Min: -0.0008, Max: 0.0817, Mean: 0.0426
  Data: [
    0.0681, 0.0552, 0.0344, 0.0817, 0.0215, 0.0146, 0.0346, 0.0284, 0.0209, 0.0233,
    0.0449, -0.0008, 0.0446, 0.0556, 0.0484, 0.0589, 0.0273, 0.0422, 0.0459, 0.0194,
    0.0270, 0.0132, 0.0412, 0.0355, 0.0258, 0.0113, 0.0606, 0.0620, 0.0280, 0.0594,
    0.0455, 0.0514, 0.0259, 0.0621, 0.0719, 0.0792, 0.0524, 0.0454, 0.0451, 0.0565,
    0.0487, 0.0261, 0.0353, 0.0716, 0.0561, 0.0364, 0.0417, 0.0510, 0.0478, 0.0534,
    0.0314, 0.0493,
  ]

#### reward_loss
  Points: 52
  Min: 0.2330, Max: 0.4335, Mean: 0.2843
  Data: [
    0.3112, 0.2431, 0.2691, 0.3222, 0.2648, 0.2765, 0.3051, 0.2794, 0.2383, 0.3293,
    0.2330, 0.3303, 0.2625, 0.2534, 0.2613, 0.2882, 0.2675, 0.2501, 0.2596, 0.3086,
    0.3245, 0.2788, 0.2845, 0.2801, 0.2404, 0.4335, 0.2856, 0.2739, 0.2917, 0.2591,
    0.2536, 0.2693, 0.2597, 0.2514, 0.3124, 0.3075, 0.2790, 0.3104, 0.2972, 0.2999,
    0.2889, 0.2795, 0.2707, 0.3792, 0.2714, 0.2731, 0.2668, 0.2702, 0.2638, 0.3172,
    0.2880, 0.2667,
  ]

#### reward_pred_error_mean
  Points: 52
  Min: 0.0048, Max: 0.0190, Mean: 0.0090
  Data: [
    0.0190, 0.0059, 0.0060, 0.0102, 0.0069, 0.0072, 0.0083, 0.0074, 0.0053, 0.0079,
    0.0049, 0.0103, 0.0089, 0.0075, 0.0092, 0.0114, 0.0074, 0.0048, 0.0085, 0.0099,
    0.0078, 0.0091, 0.0099, 0.0083, 0.0076, 0.0091, 0.0102, 0.0071, 0.0145, 0.0078,
    0.0059, 0.0070, 0.0064, 0.0053, 0.0165, 0.0112, 0.0086, 0.0163, 0.0105, 0.0084,
    0.0115, 0.0108, 0.0065, 0.0148, 0.0110, 0.0062, 0.0088, 0.0085, 0.0069, 0.0096,
    0.0096, 0.0085,
  ]

#### reward_pred_error_std
  Points: 52
  Min: 0.0132, Max: 0.1178, Mean: 0.0498
  Data: [
    0.1178, 0.0320, 0.0190, 0.0687, 0.0369, 0.0436, 0.0474, 0.0405, 0.0199, 0.0474,
    0.0254, 0.0712, 0.0578, 0.0476, 0.0711, 0.0506, 0.0674, 0.0132, 0.0492, 0.0510,
    0.0468, 0.0587, 0.0577, 0.0438, 0.0496, 0.0567, 0.0412, 0.0293, 0.0817, 0.0514,
    0.0283, 0.0279, 0.0249, 0.0216, 0.0917, 0.0581, 0.0394, 0.1042, 0.0520, 0.0389,
    0.0673, 0.0637, 0.0343, 0.0718, 0.0785, 0.0239, 0.0446, 0.0374, 0.0375, 0.0493,
    0.0521, 0.0483,
  ]

#### reward_pred_mean
  Points: 52
  Min: 0.0046, Max: 0.0859, Mean: 0.0450
  Data: [
    0.0798, 0.0567, 0.0364, 0.0814, 0.0185, 0.0175, 0.0375, 0.0287, 0.0221, 0.0272,
    0.0461, 0.0046, 0.0489, 0.0600, 0.0520, 0.0575, 0.0283, 0.0430, 0.0486, 0.0239,
    0.0238, 0.0189, 0.0424, 0.0367, 0.0264, 0.0128, 0.0629, 0.0634, 0.0324, 0.0622,
    0.0465, 0.0502, 0.0255, 0.0628, 0.0778, 0.0859, 0.0538, 0.0544, 0.0496, 0.0544,
    0.0535, 0.0334, 0.0363, 0.0773, 0.0609, 0.0347, 0.0416, 0.0492, 0.0492, 0.0537,
    0.0344, 0.0543,
  ]


### AUX
#### goal_accuracy
  Points: 52
  Min: 0.9395, Max: 0.9940, Mean: 0.9680
  Data: [
    0.9728, 0.9839, 0.9940, 0.9667, 0.9688, 0.9879, 0.9798, 0.9667, 0.9869, 0.9627,
    0.9929, 0.9798, 0.9758, 0.9738, 0.9788, 0.9556, 0.9637, 0.9798, 0.9688, 0.9688,
    0.9859, 0.9577, 0.9728, 0.9788, 0.9627, 0.9768, 0.9456, 0.9698, 0.9425, 0.9778,
    0.9788, 0.9556, 0.9637, 0.9728, 0.9435, 0.9778, 0.9607, 0.9395, 0.9627, 0.9476,
    0.9456, 0.9738, 0.9536, 0.9657, 0.9708, 0.9778, 0.9546, 0.9587, 0.9567, 0.9698,
    0.9556, 0.9698,
  ]

#### goal_loss
  Points: 52
  Min: 0.0196, Max: 0.1515, Mean: 0.0764
  Data: [
    0.0537, 0.0442, 0.0196, 0.0804, 0.0767, 0.0290, 0.0551, 0.0658, 0.0282, 0.0796,
    0.0254, 0.0467, 0.0498, 0.0604, 0.0564, 0.0990, 0.0881, 0.0543, 0.0732, 0.0730,
    0.0435, 0.1140, 0.0584, 0.0570, 0.0727, 0.0625, 0.1138, 0.0676, 0.1209, 0.0544,
    0.0598, 0.1001, 0.0849, 0.0723, 0.1515, 0.0489, 0.0999, 0.1308, 0.0848, 0.1132,
    0.1222, 0.0777, 0.1089, 0.0798, 0.0756, 0.0661, 0.1153, 0.0880, 0.1058, 0.0925,
    0.0935, 0.0759,
  ]

#### goal_positive_rate
  Points: 52
  Min: 0.0585, Max: 0.2510, Mean: 0.1610
  Data: [
    0.1593, 0.1442, 0.1603, 0.2510, 0.1734, 0.1462, 0.1573, 0.1603, 0.0585, 0.1240,
    0.0978, 0.0635, 0.1351, 0.1895, 0.1764, 0.2308, 0.1371, 0.1482, 0.1220, 0.1683,
    0.1119, 0.1341, 0.1411, 0.1452, 0.0696, 0.1341, 0.2107, 0.2026, 0.1321, 0.1865,
    0.1532, 0.1673, 0.1079, 0.1754, 0.2198, 0.2056, 0.1875, 0.1583, 0.1562, 0.2006,
    0.1623, 0.1512, 0.1552, 0.2440, 0.1452, 0.1754, 0.1673, 0.2278, 0.1764, 0.2258,
    0.1724, 0.1663,
  ]

#### goal_pred_positive_rate
  Points: 52
  Min: 0.0554, Max: 0.2480, Mean: 0.1555
  Data: [
    0.1643, 0.1502, 0.1623, 0.2480, 0.1462, 0.1381, 0.1532, 0.1351, 0.0554, 0.1129,
    0.0968, 0.0635, 0.1310, 0.1935, 0.1593, 0.2329, 0.1149, 0.1421, 0.1310, 0.1552,
    0.1200, 0.1079, 0.1381, 0.1280, 0.0685, 0.1149, 0.1744, 0.1946, 0.1371, 0.1845,
    0.1421, 0.1613, 0.1139, 0.1724, 0.2036, 0.1976, 0.2067, 0.1825, 0.1673, 0.1825,
    0.1482, 0.1512, 0.1714, 0.2339, 0.1562, 0.1653, 0.1280, 0.2087, 0.1754, 0.2097,
    0.1865, 0.1663,
  ]

#### puck_goal_dist_actual_mean
  Points: 52
  Min: 2.3365, Max: 3.1769, Mean: 2.7665
  Data: [
    2.3365, 2.4040, 2.7653, 2.5035, 2.8080, 2.7649, 2.8274, 2.6754, 2.7716, 2.7649,
    2.6641, 3.1429, 2.6871, 2.8316, 2.9769, 2.6995, 2.7767, 2.6866, 2.7106, 3.0903,
    2.8171, 2.7541, 3.1769, 2.8811, 2.3653, 2.7358, 2.7701, 2.8252, 2.9734, 2.7329,
    2.7470, 2.8624, 3.1525, 2.6838, 2.6222, 2.6843, 2.7561, 2.7198, 2.7759, 2.7831,
    2.6283, 2.8502, 2.7170, 2.5972, 2.9086, 2.6746, 2.7538, 2.7236, 2.9209, 2.6978,
    2.8495, 2.8288,
  ]

#### puck_goal_dist_error
  Points: 52
  Min: 0.0816, Max: 0.1257, Mean: 0.1035
  Data: [
    0.0941, 0.0931, 0.1168, 0.0816, 0.1043, 0.1035, 0.1052, 0.1068, 0.1123, 0.1117,
    0.1007, 0.1155, 0.1011, 0.0926, 0.0980, 0.1050, 0.1257, 0.1037, 0.1019, 0.1044,
    0.1077, 0.1105, 0.1039, 0.1038, 0.1145, 0.1132, 0.0919, 0.1058, 0.1106, 0.0950,
    0.0938, 0.0918, 0.1026, 0.1102, 0.1098, 0.1043, 0.0935, 0.1042, 0.1042, 0.1008,
    0.0959, 0.0931, 0.1060, 0.1042, 0.0952, 0.1071, 0.1239, 0.1020, 0.1119, 0.0936,
    0.1080, 0.0922,
  ]

#### puck_goal_dist_loss
  Points: 52
  Min: 0.0151, Max: 0.0324, Mean: 0.0227
  Data: [
    0.0175, 0.0194, 0.0256, 0.0151, 0.0229, 0.0211, 0.0226, 0.0242, 0.0286, 0.0239,
    0.0212, 0.0238, 0.0242, 0.0178, 0.0203, 0.0211, 0.0322, 0.0205, 0.0213, 0.0208,
    0.0242, 0.0263, 0.0228, 0.0231, 0.0296, 0.0265, 0.0172, 0.0220, 0.0243, 0.0173,
    0.0200, 0.0203, 0.0226, 0.0257, 0.0324, 0.0217, 0.0201, 0.0232, 0.0216, 0.0227,
    0.0173, 0.0192, 0.0227, 0.0211, 0.0193, 0.0266, 0.0302, 0.0211, 0.0321, 0.0168,
    0.0299, 0.0189,
  ]

#### puck_goal_dist_pred_mean
  Points: 52
  Min: 2.3685, Max: 3.1717, Mean: 2.7742
  Data: [
    2.3685, 2.4158, 2.7931, 2.4953, 2.7668, 2.7896, 2.8152, 2.6670, 2.7948, 2.7597,
    2.6876, 3.1717, 2.6838, 2.8303, 2.9696, 2.7124, 2.8049, 2.7027, 2.7110, 3.0899,
    2.8224, 2.7478, 3.1634, 2.9014, 2.4030, 2.7736, 2.7907, 2.8388, 2.9825, 2.7450,
    2.7437, 2.8741, 3.1256, 2.6609, 2.6632, 2.6934, 2.7656, 2.7269, 2.8006, 2.8033,
    2.6462, 2.8705, 2.7243, 2.6206, 2.9014, 2.7010, 2.6952, 2.7435, 2.9187, 2.6839,
    2.8746, 2.8229,
  ]

#### shot_quality_actual_mean
  Points: 52
  Min: 0.0871, Max: 0.1597, Mean: 0.1222
  Data: [
    0.1597, 0.1522, 0.1194, 0.1464, 0.1328, 0.1064, 0.1226, 0.1116, 0.1203, 0.1077,
    0.1307, 0.0871, 0.1298, 0.1190, 0.1003, 0.1316, 0.1141, 0.1194, 0.1215, 0.1002,
    0.1134, 0.1033, 0.0872, 0.1277, 0.1427, 0.0881, 0.1288, 0.1167, 0.1192, 0.1254,
    0.1283, 0.1406, 0.0909, 0.1275, 0.1552, 0.1443, 0.1360, 0.1122, 0.1439, 0.1304,
    0.1259, 0.1161, 0.1229, 0.1396, 0.1151, 0.1104, 0.1142, 0.1245, 0.1172, 0.1337,
    0.1155, 0.1255,
  ]

#### shot_quality_loss
  Points: 52
  Min: 0.0003, Max: 0.0014, Mean: 0.0007
  Data: [
    0.0010, 0.0005, 0.0009, 0.0004, 0.0005, 0.0006, 0.0005, 0.0010, 0.0008, 0.0006,
    0.0007, 0.0006, 0.0006, 0.0006, 0.0005, 0.0007, 0.0010, 0.0005, 0.0005, 0.0012,
    0.0005, 0.0007, 0.0005, 0.0009, 0.0011, 0.0008, 0.0010, 0.0004, 0.0006, 0.0003,
    0.0005, 0.0009, 0.0005, 0.0007, 0.0012, 0.0009, 0.0005, 0.0006, 0.0010, 0.0006,
    0.0009, 0.0007, 0.0006, 0.0007, 0.0006, 0.0014, 0.0011, 0.0011, 0.0006, 0.0008,
    0.0009, 0.0007,
  ]

#### shot_quality_pred_mean
  Points: 52
  Min: 0.0833, Max: 0.1617, Mean: 0.1223
  Data: [
    0.1617, 0.1516, 0.1200, 0.1453, 0.1370, 0.1074, 0.1242, 0.1126, 0.1199, 0.1087,
    0.1264, 0.0833, 0.1272, 0.1198, 0.1011, 0.1307, 0.1163, 0.1180, 0.1232, 0.0993,
    0.1135, 0.1040, 0.0894, 0.1264, 0.1411, 0.0875, 0.1280, 0.1157, 0.1207, 0.1250,
    0.1285, 0.1385, 0.0914, 0.1277, 0.1557, 0.1444, 0.1342, 0.1124, 0.1414, 0.1317,
    0.1260, 0.1153, 0.1225, 0.1378, 0.1153, 0.1149, 0.1188, 0.1266, 0.1161, 0.1343,
    0.1132, 0.1278,
  ]

#### total_loss
  Points: 52
  Min: 0.0461, Max: 0.1850, Mean: 0.0998
  Data: [
    0.0722, 0.0641, 0.0461, 0.0958, 0.1001, 0.0508, 0.0782, 0.0910, 0.0576, 0.1041,
    0.0473, 0.0711, 0.0747, 0.0788, 0.0773, 0.1208, 0.1213, 0.0754, 0.0949, 0.0950,
    0.0682, 0.1410, 0.0817, 0.0810, 0.1034, 0.0898, 0.1320, 0.0900, 0.1458, 0.0720,
    0.0803, 0.1213, 0.1081, 0.0986, 0.1850, 0.0715, 0.1206, 0.1545, 0.1074, 0.1364,
    0.1404, 0.0976, 0.1321, 0.1015, 0.0955, 0.0941, 0.1466, 0.1101, 0.1386, 0.1101,
    0.1242, 0.0955,
  ]


### BEHAVIOR
#### actor_loss
  Points: 52
  Min: -0.0544, Max: 0.0128, Mean: -0.0001
  Data: [
    -0.0544, 0.0015, -0.0017, 0.0048, 0.0047, 0.0109, 0.0019, 0.0055, 0.0061, 0.0090,
    0.0015, -0.0021, -0.0061, 0.0036, 0.0010, -0.0005, 0.0033, 0.0037, 0.0128, 0.0113,
    -0.0006, 0.0108, 0.0032, 0.0071, -0.0017, -0.0010, -0.0048, -0.0033, 0.0114, 0.0051,
    -0.0079, 0.0013, -0.0139, 0.0043, 0.0039, -0.0096, -0.0137, -0.0018, 0.0039, 0.0029,
    0.0007, -0.0048, 0.0101, -0.0052, -0.0065, -0.0043, -0.0155, 0.0017, 0.0043, 0.0076,
    0.0005, -0.0042,
  ]

#### actor_mean_abs
  Points: 52
  Min: 0.3226, Max: 0.5045, Mean: 0.3826
  Data: [
    0.5045, 0.3446, 0.3365, 0.3263, 0.3226, 0.3707, 0.3584, 0.3689, 0.3755, 0.4013,
    0.3586, 0.3754, 0.3670, 0.3908, 0.3836, 0.3776, 0.4187, 0.3768, 0.3483, 0.3673,
    0.3707, 0.3602, 0.3477, 0.3668, 0.3709, 0.3812, 0.3923, 0.3888, 0.3908, 0.4002,
    0.3932, 0.4174, 0.4087, 0.3965, 0.3875, 0.4124, 0.4165, 0.3991, 0.3834, 0.3909,
    0.3712, 0.3964, 0.3841, 0.4059, 0.3880, 0.3985, 0.3846, 0.3651, 0.3829, 0.3836,
    0.3940, 0.3934,
  ]

#### advantages_abs_mean
  Points: 52
  Min: 0.0462, Max: 0.2560, Mean: 0.0735
  Data: [
    0.2560, 0.0523, 0.0462, 0.0616, 0.0571, 0.0775, 0.0631, 0.0753, 0.0953, 0.0807,
    0.0671, 0.0824, 0.0617, 0.0716, 0.0775, 0.0796, 0.0768, 0.0746, 0.0652, 0.0773,
    0.0784, 0.0836, 0.0696, 0.0771, 0.0718, 0.0746, 0.0677, 0.0701, 0.0917, 0.0682,
    0.0688, 0.0704, 0.0873, 0.0565, 0.0586, 0.0646, 0.0847, 0.0652, 0.0644, 0.0519,
    0.0685, 0.0627, 0.0740, 0.0701, 0.0670, 0.0756, 0.0715, 0.0734, 0.0630, 0.0561,
    0.0596, 0.0590,
  ]

#### advantages_max
  Points: 52
  Min: 0.9128, Max: 5.3427, Mean: 1.7867
  Data: [
    5.3427, 0.9941, 1.3349, 1.1470, 0.9128, 1.1560, 1.2007, 2.1385, 1.7877, 1.8261,
    1.3912, 2.0907, 1.3803, 1.8301, 1.8538, 1.8162, 1.3816, 1.1912, 1.2324, 1.4829,
    1.6954, 1.6099, 1.4285, 1.3608, 2.7613, 1.8007, 2.2421, 1.6459, 2.4486, 2.0374,
    1.5047, 1.8719, 2.8143, 1.4685, 1.4651, 1.7051, 2.5398, 2.9276, 1.9520, 1.2635,
    1.8574, 1.5270, 1.1801, 1.6037, 1.8511, 2.1007, 2.6326, 2.0001, 1.1822, 1.8117,
    1.7195, 1.4103,
  ]

#### advantages_mean
  Points: 52
  Min: -0.0132, Max: 0.0457, Mean: 0.0055
  Data: [
    0.0457, 0.0056, -0.0043, 0.0207, 0.0010, 0.0097, 0.0017, 0.0011, 0.0138, 0.0065,
    0.0049, -0.0132, -0.0013, 0.0109, 0.0086, -0.0033, 0.0124, 0.0133, 0.0130, -0.0002,
    0.0135, -0.0004, 0.0098, 0.0038, 0.0051, -0.0050, 0.0144, -0.0075, -0.0063, 0.0032,
    0.0038, -0.0040, 0.0121, -0.0039, 0.0091, 0.0049, 0.0252, 0.0135, 0.0143, 0.0055,
    -0.0010, 0.0016, -0.0081, 0.0136, 0.0048, -0.0032, 0.0117, -0.0007, 0.0023, 0.0113,
    -0.0042, 0.0020,
  ]

#### advantages_min
  Points: 52
  Min: -4.4782, Max: -1.2437, Mean: -2.4554
  Data: [
    -4.4782, -1.7156, -2.4435, -1.4383, -2.4743, -2.1219, -3.4466, -2.4517, -3.7396, -2.2495,
    -2.4289, -2.6983, -2.1646, -3.7123, -1.4874, -2.4801, -2.1364, -1.2437, -1.8541, -2.2734,
    -2.0115, -2.8459, -2.0829, -2.4273, -1.5642, -2.7804, -2.5216, -2.9931, -2.6496, -2.3847,
    -2.4769, -2.6796, -2.8524, -2.2641, -1.6131, -2.3332, -3.0255, -1.9096, -2.3550, -2.2976,
    -3.6262, -2.5930, -3.2075, -2.4804, -2.3919, -2.2625, -2.3924, -2.1305, -2.3965, -2.6255,
    -2.3834, -2.0868,
  ]

#### advantages_std
  Points: 52
  Min: 0.1040, Max: 0.5407, Mean: 0.1616
  Data: [
    0.5407, 0.1195, 0.1040, 0.1180, 0.1262, 0.1556, 0.1225, 0.1734, 0.1922, 0.1712,
    0.1408, 0.1785, 0.1243, 0.1490, 0.1434, 0.1842, 0.1519, 0.1433, 0.1308, 0.1690,
    0.1552, 0.1666, 0.1360, 0.1533, 0.1445, 0.1512, 0.1719, 0.1785, 0.2233, 0.1528,
    0.1540, 0.1814, 0.1994, 0.1417, 0.1202, 0.1424, 0.1989, 0.1416, 0.1505, 0.1145,
    0.1737, 0.1518, 0.2011, 0.1468, 0.1511, 0.1942, 0.1722, 0.1660, 0.1514, 0.1214,
    0.1364, 0.1230,
  ]

#### critic_loss
  Points: 52
  Min: 0.6586, Max: 0.9191, Mean: 0.7872
  Data: [
    0.7767, 0.7418, 0.6660, 0.8483, 0.7737, 0.7918, 0.7996, 0.7541, 0.8995, 0.8065,
    0.7621, 0.8696, 0.7418, 0.7276, 0.8355, 0.8325, 0.9081, 0.9191, 0.8152, 0.8464,
    0.9018, 0.9076, 0.7831, 0.8151, 0.8321, 0.8116, 0.7610, 0.7881, 0.8453, 0.7603,
    0.7611, 0.7695, 0.8395, 0.6586, 0.7725, 0.7500, 0.8171, 0.7759, 0.7567, 0.7145,
    0.7575, 0.7216, 0.7678, 0.7936, 0.7302, 0.7869, 0.7580, 0.8003, 0.7363, 0.7434,
    0.6930, 0.7113,
  ]

#### entropy_max
  Points: 52
  Min: 7.5621, Max: 7.6734, Mean: 7.6494
  Data: [
    7.6734, 7.6497, 7.6462, 7.6526, 7.5621, 7.5823, 7.6332, 7.6040, 7.6543, 7.6304,
    7.6528, 7.6560, 7.6593, 7.6675, 7.6652, 7.6683, 7.6615, 7.6704, 7.6709, 7.6689,
    7.6663, 7.6673, 7.6700, 7.6553, 7.6553, 7.6518, 7.6633, 7.6518, 7.6262, 7.6527,
    7.6031, 7.6239, 7.6512, 7.6309, 7.6636, 7.6546, 7.6236, 7.6708, 7.6368, 7.6663,
    7.6644, 7.6498, 7.6420, 7.6438, 7.6554, 7.6492, 7.6667, 7.6533, 7.6523, 7.6558,
    7.6664, 7.6564,
  ]

#### entropy_mean
  Points: 52
  Min: 2.7703, Max: 3.5900, Mean: 3.1748
  Data: [
    3.5900, 3.5065, 3.2985, 3.5667, 3.1746, 2.9917, 3.3695, 3.2626, 3.0606, 2.7703,
    3.3969, 2.8382, 3.3478, 3.0649, 2.9720, 3.3455, 3.1922, 3.3689, 3.5308, 3.0813,
    3.1271, 3.2147, 3.3557, 3.1195, 3.3461, 2.9352, 3.3188, 2.8814, 3.2654, 3.0534,
    3.2574, 2.8977, 2.8283, 3.1820, 3.2203, 3.0593, 2.9661, 3.1119, 3.1845, 3.2013,
    3.1052, 3.0706, 3.3049, 3.0860, 3.1927, 2.8384, 3.0398, 3.4219, 3.1109, 3.1841,
    3.4439, 3.0370,
  ]

#### entropy_min
  Points: 52
  Min: 1.6758, Max: 1.6758, Mean: 1.6758
  Data: [
    1.6758, 1.6758, 1.6758, 1.6758, 1.6758, 1.6758, 1.6758, 1.6758, 1.6758, 1.6758,
    1.6758, 1.6758, 1.6758, 1.6758, 1.6758, 1.6758, 1.6758, 1.6758, 1.6758, 1.6758,
    1.6758, 1.6758, 1.6758, 1.6758, 1.6758, 1.6758, 1.6758, 1.6758, 1.6758, 1.6758,
    1.6758, 1.6758, 1.6758, 1.6758, 1.6758, 1.6758, 1.6758, 1.6758, 1.6758, 1.6758,
    1.6758, 1.6758, 1.6758, 1.6758, 1.6758, 1.6758, 1.6758, 1.6758, 1.6758, 1.6758,
    1.6758, 1.6758,
  ]

#### entropy_std
  Points: 52
  Min: 1.3849, Max: 2.1289, Mean: 1.6626
  Data: [
    1.9940, 1.9159, 1.6847, 2.1289, 1.5695, 1.4045, 1.7569, 1.5302, 1.5192, 1.3849,
    1.8290, 1.3956, 1.7718, 1.7845, 1.5346, 1.7523, 1.6752, 1.8017, 1.8827, 1.5508,
    1.6094, 1.7883, 1.8125, 1.7121, 1.6676, 1.5110, 1.8519, 1.5019, 1.7931, 1.6261,
    1.6551, 1.4522, 1.3878, 1.7727, 1.7312, 1.6019, 1.6120, 1.6697, 1.6624, 1.6641,
    1.5267, 1.4864, 1.7410, 1.6438, 1.5891, 1.5449, 1.5596, 1.7630, 1.6084, 1.7002,
    1.8335, 1.5066,
  ]

#### logprobs_mean
  Points: 52
  Min: -0.8259, Max: -0.3675, Mean: -0.5985
  Data: [
    -0.3675, -0.7718, -0.8155, -0.8259, -0.8112, -0.6335, -0.7338, -0.6912, -0.5955, -0.5123,
    -0.6829, -0.5887, -0.7145, -0.5538, -0.5945, -0.6353, -0.5158, -0.6490, -0.7605, -0.6592,
    -0.6568, -0.6798, -0.7424, -0.6555, -0.6798, -0.5466, -0.5465, -0.5368, -0.5804, -0.5090,
    -0.5283, -0.4002, -0.4527, -0.5743, -0.5704, -0.4661, -0.4058, -0.5476, -0.5957, -0.5648,
    -0.6094, -0.5008, -0.6278, -0.4959, -0.5710, -0.5141, -0.5316, -0.6584, -0.5928, -0.5851,
    -0.5934, -0.4920,
  ]

#### logprobs_std
  Points: 52
  Min: 1.5491, Max: 1.9141, Mean: 1.6575
  Data: [
    1.9141, 1.6193, 1.5791, 1.6198, 1.5491, 1.6633, 1.6356, 1.6102, 1.6072, 1.5907,
    1.6495, 1.5608, 1.6529, 1.6332, 1.6486, 1.6681, 1.7489, 1.7427, 1.6359, 1.5958,
    1.6116, 1.6344, 1.6078, 1.5975, 1.6361, 1.6573, 1.7341, 1.6498, 1.7327, 1.6703,
    1.6883, 1.6428, 1.6542, 1.7328, 1.6768, 1.6929, 1.7081, 1.6666, 1.7233, 1.6480,
    1.6266, 1.6499, 1.6710, 1.7108, 1.6667, 1.6056, 1.6157, 1.6746, 1.6054, 1.6429,
    1.7699, 1.6580,
  ]

#### mean_reg_loss
  Points: 52
  Min: 0.0020, Max: 0.0040, Mean: 0.0026
  Data: [
    0.0040, 0.0022, 0.0021, 0.0020, 0.0020, 0.0025, 0.0023, 0.0024, 0.0025, 0.0028,
    0.0024, 0.0024, 0.0024, 0.0026, 0.0026, 0.0026, 0.0030, 0.0026, 0.0022, 0.0024,
    0.0024, 0.0024, 0.0022, 0.0024, 0.0024, 0.0026, 0.0028, 0.0027, 0.0028, 0.0028,
    0.0028, 0.0030, 0.0029, 0.0028, 0.0027, 0.0030, 0.0031, 0.0027, 0.0027, 0.0027,
    0.0025, 0.0027, 0.0026, 0.0029, 0.0027, 0.0027, 0.0027, 0.0025, 0.0026, 0.0026,
    0.0028, 0.0028,
  ]


### VALUES
#### critic_slow_diff
  Points: 52
  Min: 0.0252, Max: 0.1168, Mean: 0.0619
  Data: [
    0.0930, 0.0759, 0.0354, 0.0967, 0.0955, 0.0600, 0.0461, 0.0597, 0.0738, 0.0746,
    0.0460, 0.0549, 0.0475, 0.0459, 0.0590, 0.0717, 0.0769, 0.0494, 0.0466, 0.0554,
    0.0444, 0.1148, 0.0595, 0.0834, 0.0252, 0.0800, 0.0531, 0.0727, 0.0500, 0.0346,
    0.0496, 0.0335, 0.1007, 0.0535, 0.1168, 0.0471, 0.0738, 0.0276, 0.0565, 0.0352,
    0.0695, 0.0428, 0.0466, 0.0302, 0.0434, 0.0854, 0.0985, 0.0751, 0.0473, 0.0459,
    0.0832, 0.0740,
  ]

#### lambda_returns_max
  Points: 52
  Min: 6.2214, Max: 10.0928, Mean: 7.7301
  Data: [
    8.0657, 7.6457, 6.9813, 8.2544, 7.5410, 7.8612, 6.2932, 8.1318, 7.4463, 6.9702,
    8.5354, 8.0667, 7.8230, 9.3397, 8.2681, 7.3986, 8.3201, 8.3059, 8.7110, 6.2214,
    8.7567, 7.6136, 8.2823, 7.1921, 6.8140, 7.8473, 10.0928, 7.7299, 6.7246, 7.1765,
    7.0662, 7.5803, 7.4238, 6.6203, 8.2626, 7.8211, 9.1630, 7.1837, 9.9213, 7.7912,
    7.8796, 7.7160, 6.5002, 7.3357, 7.1025, 8.4739, 7.9906, 6.5927, 7.9851, 7.0783,
    7.1976, 6.8691,
  ]

#### lambda_returns_mean
  Points: 52
  Min: 2.9832, Max: 3.7357, Mean: 3.4084
  Data: [
    3.6079, 3.4745, 3.2554, 3.4916, 3.3339, 3.2952, 3.3404, 3.3202, 3.3849, 3.4273,
    3.4014, 3.1773, 3.3571, 3.6842, 3.5855, 3.2459, 3.1383, 2.9832, 3.1006, 3.0764,
    3.3222, 3.3083, 3.3555, 3.5268, 3.4254, 3.6896, 3.5308, 3.5844, 3.4808, 3.6908,
    3.5241, 3.3706, 3.4618, 3.5884, 3.7046, 3.3922, 3.7357, 3.4637, 3.6399, 3.4118,
    3.4425, 3.5021, 3.2577, 3.4032, 3.4226, 3.2427, 3.2802, 3.1773, 3.4395, 3.3065,
    3.3198, 3.5529,
  ]

#### lambda_returns_min
  Points: 52
  Min: -6.9000, Max: -0.6547, Mean: -5.1117
  Data: [
    -1.3032, -4.3874, -5.4741, -5.5170, -6.0695, -4.9528, -5.5560, -5.3742, -6.3737, -4.9177,
    -4.1831, -5.7156, -4.6109, -5.5954, -0.6547, -5.4457, -5.6782, -3.2439, -5.3975, -5.9972,
    -4.9323, -5.2395, -4.7846, -5.2810, -4.7013, -5.5290, -5.4276, -5.0852, -6.5360, -4.5546,
    -4.7609, -5.1395, -5.4217, -4.5693, -4.7236, -3.7241, -5.0957, -5.3654, -4.7877, -5.0884,
    -5.8935, -5.3900, -6.9000, -6.6056, -6.2207, -5.1975, -5.7215, -5.5066, -6.0205, -5.8575,
    -5.5345, -3.7655,
  ]

#### lambda_returns_std
  Points: 52
  Min: 0.7153, Max: 1.3551, Mean: 0.9977
  Data: [
    0.7743, 0.9593, 1.1454, 1.0539, 1.0698, 1.1171, 0.8279, 1.0069, 0.9930, 0.9177,
    0.7857, 0.9174, 0.7735, 0.8802, 0.9257, 1.3292, 1.0328, 0.9844, 0.9777, 1.3417,
    0.8824, 1.0496, 0.8951, 0.9883, 0.7153, 0.9310, 1.0253, 1.1645, 1.3312, 0.9863,
    0.9506, 1.0162, 1.0201, 1.0267, 0.7749, 0.9393, 1.0402, 0.9509, 0.9292, 0.9116,
    0.9897, 0.9364, 1.3551, 1.0434, 0.9673, 1.1177, 0.9145, 1.2617, 1.0042, 1.0207,
    1.0897, 0.8398,
  ]

#### max
  Points: 52
  Min: 5.2764, Max: 6.5874, Mean: 5.6166
  Data: [
    6.2455, 5.6174, 5.6273, 5.4758, 5.6470, 5.6781, 5.3834, 6.5874, 5.7878, 5.7336,
    5.6292, 5.4231, 5.5541, 5.9077, 5.6173, 5.5316, 5.3383, 5.4911, 5.6313, 5.6290,
    5.4971, 6.3075, 5.7909, 5.6095, 5.6643, 6.3381, 5.4911, 5.5756, 5.6485, 5.5265,
    5.5814, 5.4458, 5.3651, 5.5651, 5.4130, 5.3175, 5.5035, 5.4459, 5.6410, 5.6804,
    5.6795, 5.5341, 5.2940, 5.8146, 5.5988, 5.3830, 5.2764, 5.3793, 5.3808, 5.4729,
    5.7375, 5.5707,
  ]

#### mean
  Points: 52
  Min: 2.9444, Max: 3.7028, Mean: 3.3912
  Data: [
    3.5717, 3.4546, 3.2723, 3.4171, 3.3299, 3.2685, 3.3334, 3.3231, 3.3491, 3.4103,
    3.3868, 3.2142, 3.3586, 3.6480, 3.5528, 3.2510, 3.1047, 2.9444, 3.0635, 3.0824,
    3.2827, 3.3077, 3.3237, 3.5112, 3.4138, 3.7028, 3.4875, 3.6043, 3.4984, 3.6712,
    3.5079, 3.3747, 3.4252, 3.5889, 3.6707, 3.3737, 3.6623, 3.4172, 3.5909, 3.3898,
    3.4420, 3.4897, 3.2728, 3.3580, 3.4060, 3.2498, 3.2476, 3.1748, 3.4256, 3.2716,
    3.3294, 3.5357,
  ]

#### min
  Points: 52
  Min: -5.1198, Max: -1.4837, Mean: -4.1071
  Data: [
    -1.4837, -3.2264, -4.5499, -3.9381, -3.8745, -3.9494, -3.5565, -4.3717, -4.1945, -3.8895,
    -3.9734, -4.0957, -4.6445, -4.7569, -1.5961, -4.6124, -4.0823, -4.0648, -4.1357, -4.7709,
    -4.3500, -4.4477, -1.8250, -4.1762, -4.0481, -3.9685, -4.6198, -4.1683, -4.6285, -5.1198,
    -4.0784, -4.7812, -4.4561, -3.5949, -3.6156, -3.3245, -4.5682, -4.4063, -3.6463, -4.0543,
    -4.5120, -4.1627, -5.0078, -4.2350, -4.5925, -4.6912, -4.8406, -5.0436, -4.2014, -4.2606,
    -4.6520, -3.7256,
  ]

#### norm_high
  Points: 52
  Min: 1.4152, Max: 5.3303, Mean: 5.0547
  Data: [
    1.4152, 5.1661, 5.2493, 5.1362, 5.1326, 5.2025, 5.0264, 5.2035, 5.1124, 5.1980,
    5.1330, 5.1413, 5.0545, 5.0494, 5.0184, 4.9942, 4.8947, 4.8924, 4.9363, 4.9617,
    4.9385, 5.0084, 5.0584, 5.0120, 5.1307, 5.3010, 5.2164, 5.3303, 5.3278, 5.2489,
    5.2275, 5.1461, 5.1409, 5.2397, 5.2601, 5.1216, 5.1806, 5.1185, 5.2079, 5.1296,
    5.1681, 5.0998, 5.0891, 5.1056, 5.1126, 5.1054, 5.1141, 5.1072, 5.1427, 5.1720,
    5.1792, 5.1840,
  ]

#### norm_low
  Points: 52
  Min: 0.7219, Max: 2.5768, Mean: 2.2801
  Data: [
    0.7219, 1.9363, 2.0452, 1.7501, 1.7913, 2.3580, 2.4309, 2.5222, 2.4122, 2.5032,
    2.4435, 2.4354, 2.4349, 2.4172, 2.3061, 2.1905, 2.0122, 1.9534, 1.9263, 2.0041,
    2.0886, 2.0219, 2.1960, 2.2585, 2.4252, 2.4942, 2.3212, 2.4181, 2.5768, 2.5124,
    2.3741, 2.3504, 2.5012, 2.4856, 2.4866, 2.4325, 2.5178, 2.3658, 2.3836, 2.2400,
    2.4835, 2.3793, 2.3282, 2.3400, 2.4382, 2.4033, 2.4306, 2.3646, 2.3389, 2.1704,
    2.3748, 2.4682,
  ]

#### norm_scale
  Points: 52
  Min: 0.6933, Max: 3.3861, Mean: 2.7746
  Data: [
    0.6933, 3.2297, 3.2042, 3.3861, 3.3412, 2.8445, 2.5955, 2.6814, 2.7003, 2.6947,
    2.6895, 2.7059, 2.6196, 2.6322, 2.7123, 2.8037, 2.8825, 2.9390, 3.0100, 2.9576,
    2.8499, 2.9865, 2.8624, 2.7535, 2.7056, 2.8068, 2.8953, 2.9121, 2.7510, 2.7365,
    2.8533, 2.7957, 2.6397, 2.7542, 2.7735, 2.6891, 2.6629, 2.7527, 2.8243, 2.8896,
    2.6846, 2.7205, 2.7609, 2.7655, 2.6744, 2.7021, 2.6835, 2.7426, 2.8037, 3.0016,
    2.8044, 2.7158,
  ]

#### std
  Points: 52
  Min: 0.6380, Max: 1.1533, Mean: 0.8727
  Data: [
    0.6380, 0.8446, 1.0544, 0.9432, 0.9402, 0.9710, 0.7615, 0.8561, 0.8889, 0.7964,
    0.6742, 0.7643, 0.6870, 0.7690, 0.8378, 1.1504, 0.8600, 0.8745, 0.8419, 1.1533,
    0.7677, 0.9069, 0.7687, 0.8629, 0.6439, 0.8206, 0.8886, 0.9805, 1.0758, 0.8633,
    0.8433, 0.8643, 0.9048, 0.9087, 0.6897, 0.8711, 0.9194, 0.8983, 0.8063, 0.8240,
    0.8376, 0.8410, 1.0962, 0.9055, 0.8809, 0.9299, 0.8347, 1.1278, 0.8511, 0.9406,
    0.9612, 0.7582,
  ]


### IMAGINATION
#### continue_mean
  Points: 52
  Min: 0.9803, Max: 0.9942, Mean: 0.9864
  Data: [
    0.9899, 0.9874, 0.9869, 0.9837, 0.9901, 0.9896, 0.9876, 0.9915, 0.9942, 0.9917,
    0.9912, 0.9918, 0.9900, 0.9841, 0.9860, 0.9841, 0.9889, 0.9884, 0.9901, 0.9877,
    0.9885, 0.9898, 0.9885, 0.9873, 0.9919, 0.9911, 0.9842, 0.9841, 0.9845, 0.9825,
    0.9872, 0.9814, 0.9857, 0.9850, 0.9827, 0.9814, 0.9838, 0.9825, 0.9851, 0.9841,
    0.9884, 0.9846, 0.9821, 0.9822, 0.9839, 0.9815, 0.9852, 0.9803, 0.9839, 0.9834,
    0.9858, 0.9829,
  ]

#### continue_min
  Points: 52
  Min: 0.0000, Max: 0.0000, Mean: 0.0000
  Data: [
    0.0000, 0.0000, 0.0000, 0.0000, 0.0000, 0.0000, 0.0000, 0.0000, 0.0000, 0.0000,
    0.0000, 0.0000, 0.0000, 0.0000, 0.0000, 0.0000, 0.0000, 0.0000, 0.0000, 0.0000,
    0.0000, 0.0000, 0.0000, 0.0000, 0.0000, 0.0000, 0.0000, 0.0000, 0.0000, 0.0000,
    0.0000, 0.0000, 0.0000, 0.0000, 0.0000, 0.0000, 0.0000, 0.0000, 0.0000, 0.0000,
    0.0000, 0.0000, 0.0000, 0.0000, 0.0000, 0.0000, 0.0000, 0.0000, 0.0000, 0.0000,
    0.0000, 0.0000,
  ]

#### reward_abs_mean
  Points: 52
  Min: 0.0440, Max: 0.1078, Mean: 0.0783
  Data: [
    0.0634, 0.0741, 0.0775, 0.0970, 0.0596, 0.0695, 0.0673, 0.0570, 0.0442, 0.0540,
    0.0519, 0.0524, 0.0595, 0.0905, 0.0820, 0.0960, 0.0659, 0.0683, 0.0619, 0.0798,
    0.0686, 0.0618, 0.0683, 0.0732, 0.0440, 0.0581, 0.0891, 0.0951, 0.0848, 0.0974,
    0.0743, 0.0978, 0.0794, 0.0830, 0.0950, 0.0981, 0.1004, 0.0953, 0.0867, 0.0893,
    0.0730, 0.0822, 0.0985, 0.1021, 0.0857, 0.0921, 0.0774, 0.1078, 0.0864, 0.0881,
    0.0771, 0.0907,
  ]

#### reward_max
  Points: 52
  Min: 2.5001, Max: 2.5007, Mean: 2.5003
  Data: [
    2.5001, 2.5001, 2.5002, 2.5003, 2.5006, 2.5003, 2.5002, 2.5005, 2.5003, 2.5002,
    2.5002, 2.5005, 2.5002, 2.5002, 2.5002, 2.5002, 2.5004, 2.5003, 2.5002, 2.5003,
    2.5001, 2.5003, 2.5002, 2.5002, 2.5003, 2.5002, 2.5003, 2.5004, 2.5003, 2.5002,
    2.5003, 2.5003, 2.5005, 2.5004, 2.5005, 2.5006, 2.5006, 2.5005, 2.5007, 2.5004,
    2.5004, 2.5004, 2.5003, 2.5004, 2.5005, 2.5003, 2.5002, 2.5005, 2.5007, 2.5002,
    2.5002, 2.5005,
  ]

#### reward_mean
  Points: 52
  Min: 0.0161, Max: 0.0755, Mean: 0.0492
  Data: [
    0.0491, 0.0514, 0.0366, 0.0732, 0.0296, 0.0288, 0.0420, 0.0161, 0.0206, 0.0248,
    0.0334, 0.0167, 0.0370, 0.0713, 0.0641, 0.0530, 0.0328, 0.0432, 0.0321, 0.0230,
    0.0401, 0.0305, 0.0473, 0.0468, 0.0241, 0.0237, 0.0587, 0.0565, 0.0460, 0.0755,
    0.0523, 0.0654, 0.0514, 0.0624, 0.0743, 0.0704, 0.0708, 0.0706, 0.0680, 0.0639,
    0.0389, 0.0585, 0.0632, 0.0744, 0.0561, 0.0492, 0.0480, 0.0616, 0.0621, 0.0525,
    0.0415, 0.0739,
  ]

#### reward_min
  Points: 52
  Min: -2.6034, Max: -0.1220, Mean: -2.4468
  Data: [
    -0.1220, -2.5556, -2.5482, -2.5459, -2.5549, -2.5791, -2.5900, -2.5948, -2.5818, -2.5834,
    -2.5417, -2.5923, -1.2171, -2.5080, -1.4224, -2.5993, -2.5805, -2.4992, -2.5703, -2.5884,
    -2.5598, -2.5679, -2.5748, -2.5593, -2.5595, -2.5895, -2.5601, -2.5786, -2.5919, -2.5521,
    -2.5497, -2.5805, -2.5532, -2.5609, -2.5487, -2.5505, -2.5571, -2.5580, -2.5279, -2.5532,
    -2.6034, -2.5447, -2.5729, -2.5654, -2.5661, -2.5924, -2.5960, -2.5724, -2.5843, -2.5489,
    -2.5801, -1.2965,
  ]

#### reward_nonzero_frac
  Points: 52
  Min: 0.0343, Max: 0.1008, Mean: 0.0724
  Data: [
    0.0511, 0.0626, 0.0721, 0.0930, 0.0518, 0.0628, 0.0619, 0.0567, 0.0462, 0.0634,
    0.0455, 0.0393, 0.0539, 0.0847, 0.0785, 0.1005, 0.0588, 0.0624, 0.0613, 0.0819,
    0.0691, 0.0568, 0.0681, 0.0677, 0.0343, 0.0642, 0.0826, 0.0850, 0.0804, 0.0878,
    0.0703, 0.0906, 0.0728, 0.0788, 0.0847, 0.0873, 0.0912, 0.0831, 0.0769, 0.0811,
    0.0687, 0.0752, 0.0942, 0.0985, 0.0747, 0.0763, 0.0682, 0.1008, 0.0768, 0.0758,
    0.0729, 0.0824,
  ]

#### reward_significant_frac
  Points: 52
  Min: 0.0153, Max: 0.0419, Mean: 0.0294
  Data: [
    0.0256, 0.0289, 0.0271, 0.0387, 0.0227, 0.0261, 0.0242, 0.0194, 0.0156, 0.0178,
    0.0188, 0.0182, 0.0213, 0.0355, 0.0315, 0.0359, 0.0228, 0.0257, 0.0220, 0.0275,
    0.0251, 0.0234, 0.0264, 0.0291, 0.0153, 0.0184, 0.0346, 0.0354, 0.0323, 0.0378,
    0.0298, 0.0358, 0.0284, 0.0312, 0.0368, 0.0373, 0.0399, 0.0356, 0.0348, 0.0342,
    0.0272, 0.0309, 0.0381, 0.0413, 0.0317, 0.0331, 0.0274, 0.0419, 0.0328, 0.0331,
    0.0289, 0.0339,
  ]

#### reward_std
  Points: 52
  Min: 0.2369, Max: 0.4002, Mean: 0.3345
  Data: [
    0.3072, 0.3327, 0.3312, 0.3764, 0.2968, 0.3115, 0.3154, 0.2783, 0.2369, 0.2630,
    0.2725, 0.2693, 0.2863, 0.3612, 0.3438, 0.3687, 0.3032, 0.3144, 0.2955, 0.3337,
    0.3052, 0.2947, 0.3143, 0.3248, 0.2469, 0.2751, 0.3657, 0.3715, 0.3584, 0.3781,
    0.3268, 0.3804, 0.3365, 0.3464, 0.3748, 0.3846, 0.3795, 0.3761, 0.3576, 0.3645,
    0.3214, 0.3476, 0.3826, 0.3874, 0.3565, 0.3741, 0.3397, 0.4002, 0.3524, 0.3638,
    0.3413, 0.3662,
  ]


### ACTIONS
#### abs_mean
  Points: 52
  Min: 0.4476, Max: 0.5318, Mean: 0.4943
  Data: [
    0.5131, 0.4742, 0.4986, 0.5311, 0.4476, 0.4844, 0.4832, 0.4915, 0.4898, 0.4781,
    0.5291, 0.4565, 0.4740, 0.5122, 0.5184, 0.5017, 0.5149, 0.5054, 0.4892, 0.4846,
    0.4778, 0.4911, 0.4961, 0.5313, 0.4931, 0.4691, 0.5087, 0.4660, 0.4962, 0.4888,
    0.5031, 0.4989, 0.4914, 0.5054, 0.4981, 0.4990, 0.4932, 0.5153, 0.5078, 0.4943,
    0.4851, 0.4820, 0.5022, 0.4888, 0.4926, 0.4756, 0.4808, 0.5054, 0.4709, 0.4855,
    0.5318, 0.5022,
  ]

#### dim0_mean
  Points: 52
  Min: 0.0002, Max: 0.2177, Mean: 0.0972
  Data: [
    0.0491, 0.1791, 0.0556, 0.0129, 0.1069, 0.0002, 0.1119, 0.0565, 0.1265, 0.0144,
    0.0432, 0.0291, 0.0445, 0.1282, 0.0511, 0.0882, 0.1392, 0.0215, 0.1151, 0.0651,
    0.1017, 0.1190, 0.0311, 0.0139, 0.0372, 0.0812, 0.0849, 0.1199, 0.0824, 0.0645,
    0.0472, 0.0456, 0.0876, 0.1133, 0.1677, 0.1052, 0.1410, 0.1023, 0.1286, 0.1429,
    0.1321, 0.1004, 0.1927, 0.1555, 0.1349, 0.1023, 0.1606, 0.1668, 0.1347, 0.2177,
    0.1059, 0.1942,
  ]

#### dim1_mean
  Points: 52
  Min: -0.1735, Max: 0.1154, Mean: 0.0004
  Data: [
    -0.0287, -0.0706, 0.0821, -0.0017, -0.0198, -0.0287, -0.0573, -0.0530, -0.0214, 0.0555,
    0.1154, 0.0240, 0.0474, -0.0492, 0.0544, -0.0841, -0.1735, -0.0237, 0.0204, 0.0239,
    -0.0471, 0.0127, 0.0157, 0.0779, 0.0511, -0.0169, 0.0898, -0.0383, -0.0023, -0.0388,
    -0.0944, -0.0813, 0.0202, 0.0640, -0.0100, 0.0179, 0.0351, 0.0262, 0.0635, 0.1110,
    0.0413, -0.0350, -0.0692, -0.0026, 0.0334, -0.0430, -0.0064, -0.0045, -0.0086, 0.0505,
    -0.0060, 0.0017,
  ]

#### dim2_mean
  Points: 52
  Min: -0.1924, Max: 0.0348, Mean: -0.0703
  Data: [
    -0.0286, -0.1880, -0.0392, -0.1097, -0.1235, -0.0856, -0.1068, -0.1388, -0.1726, -0.0627,
    -0.0541, -0.1538, -0.0438, -0.1523, -0.0957, -0.1924, -0.1422, -0.0856, -0.0536, -0.1368,
    -0.0630, -0.0841, -0.1406, -0.1276, -0.0846, -0.1642, -0.0095, -0.0483, -0.0799, -0.0519,
    -0.0518, -0.1110, -0.0225, 0.0079, -0.0120, -0.0392, -0.0261, -0.0012, -0.0216, 0.0348,
    -0.0415, -0.1127, -0.0441, -0.0429, -0.0210, -0.0641, -0.0111, 0.0306, -0.0275, -0.0199,
    -0.0404, 0.0009,
  ]

#### dim3_mean
  Points: 52
  Min: -0.2892, Max: 0.0673, Mean: -0.0569
  Data: [
    -0.2892, -0.0628, -0.0356, -0.0716, -0.0213, -0.0158, -0.0377, -0.0467, -0.1266, -0.1329,
    0.0008, 0.0574, -0.0186, -0.0369, -0.1022, -0.0357, -0.1491, -0.0180, -0.0265, -0.0367,
    -0.0297, -0.0670, -0.0865, 0.0002, -0.1095, -0.1159, -0.0695, -0.0941, -0.0238, -0.0513,
    0.0020, -0.0389, -0.0763, 0.0673, -0.0662, -0.0892, -0.0288, -0.0501, -0.0224, -0.0399,
    -0.0419, -0.0390, -0.0381, -0.1196, -0.1037, 0.0126, -0.0592, -0.0857, -0.1190, -0.0332,
    -0.0665, -0.0711,
  ]

#### max
  Points: 52
  Min: 0.9993, Max: 1.0000, Mean: 0.9999
  Data: [
    0.9997, 0.9999, 1.0000, 0.9999, 0.9999, 0.9999, 0.9999, 0.9999, 0.9999, 0.9999,
    1.0000, 0.9993, 0.9999, 1.0000, 0.9999, 0.9998, 0.9999, 0.9999, 0.9999, 0.9998,
    1.0000, 1.0000, 1.0000, 0.9999, 0.9999, 1.0000, 0.9999, 0.9994, 1.0000, 1.0000,
    1.0000, 0.9999, 1.0000, 1.0000, 0.9998, 0.9999, 0.9998, 0.9999, 1.0000, 0.9998,
    0.9997, 1.0000, 1.0000, 0.9999, 0.9999, 1.0000, 0.9995, 0.9999, 0.9999, 1.0000,
    1.0000, 0.9997,
  ]

#### mean
  Points: 52
  Min: -0.0814, Max: 0.0631, Mean: -0.0074
  Data: [
    -0.0744, -0.0356, 0.0157, -0.0425, -0.0144, -0.0325, -0.0225, -0.0455, -0.0485, -0.0314,
    0.0263, -0.0108, 0.0074, -0.0275, -0.0231, -0.0560, -0.0814, -0.0264, 0.0139, -0.0211,
    -0.0095, -0.0049, -0.0451, -0.0089, -0.0265, -0.0540, 0.0239, -0.0152, -0.0059, -0.0194,
    -0.0242, -0.0464, 0.0022, 0.0631, 0.0199, -0.0013, 0.0303, 0.0193, 0.0370, 0.0622,
    0.0225, -0.0216, 0.0103, -0.0024, 0.0109, 0.0019, 0.0210, 0.0268, -0.0051, 0.0538,
    -0.0018, 0.0314,
  ]

#### min
  Points: 52
  Min: -1.0000, Max: -0.9997, Mean: -0.9999
  Data: [
    -1.0000, -0.9998, -1.0000, -0.9999, -0.9999, -0.9997, -0.9998, -0.9998, -1.0000, -1.0000,
    -1.0000, -0.9999, -0.9999, -0.9999, -1.0000, -1.0000, -0.9999, -1.0000, -0.9998, -0.9999,
    -0.9999, -1.0000, -0.9999, -1.0000, -1.0000, -0.9999, -1.0000, -1.0000, -0.9999, -0.9998,
    -1.0000, -0.9997, -0.9999, -1.0000, -1.0000, -0.9997, -1.0000, -1.0000, -0.9998, -0.9999,
    -1.0000, -0.9999, -0.9998, -1.0000, -0.9999, -0.9999, -1.0000, -1.0000, -0.9999, -1.0000,
    -1.0000, -1.0000,
  ]

#### std
  Points: 52
  Min: 0.5263, Max: 0.6107, Mean: 0.5718
  Data: [
    0.5841, 0.5506, 0.5791, 0.6107, 0.5263, 0.5649, 0.5633, 0.5687, 0.5660, 0.5537,
    0.6084, 0.5322, 0.5522, 0.5877, 0.5953, 0.5750, 0.5850, 0.5833, 0.5704, 0.5625,
    0.5574, 0.5712, 0.5738, 0.6104, 0.5731, 0.5419, 0.5849, 0.5436, 0.5763, 0.5677,
    0.5829, 0.5750, 0.5701, 0.5804, 0.5755, 0.5755, 0.5701, 0.5935, 0.5855, 0.5686,
    0.5627, 0.5628, 0.5816, 0.5665, 0.5691, 0.5548, 0.5579, 0.5816, 0.5502, 0.5598,
    0.6086, 0.5802,
  ]


### GRADIENTS
#### actor_norm
  Points: 52
  Min: 0.0620, Max: 0.3816, Mean: 0.1119
  Data: [
    0.3816, 0.0620, 0.0716, 0.0650, 0.0957, 0.1555, 0.0679, 0.1295, 0.1241, 0.1323,
    0.0833, 0.1197, 0.0761, 0.0993, 0.1049, 0.1051, 0.1353, 0.0994, 0.0924, 0.0879,
    0.1180, 0.1172, 0.0932, 0.0992, 0.0940, 0.1203, 0.1074, 0.1568, 0.1196, 0.0681,
    0.1154, 0.1238, 0.1471, 0.1076, 0.0788, 0.0871, 0.0986, 0.1030, 0.1081, 0.0804,
    0.1289, 0.1225, 0.1835, 0.1016, 0.1000, 0.0944, 0.1289, 0.1209, 0.1034, 0.0842,
    0.1196, 0.1004,
  ]

#### critic_norm
  Points: 52
  Min: 0.1415, Max: 0.4971, Mean: 0.2699
  Data: [
    0.4971, 0.2298, 0.2420, 0.4046, 0.3146, 0.2033, 0.3194, 0.3208, 0.2901, 0.2518,
    0.2321, 0.4580, 0.3804, 0.2482, 0.1901, 0.3083, 0.3246, 0.3087, 0.2848, 0.1834,
    0.3022, 0.3479, 0.3355, 0.2822, 0.2241, 0.3435, 0.2594, 0.2885, 0.2229, 0.1427,
    0.1643, 0.2280, 0.3054, 0.1774, 0.2597, 0.1722, 0.2433, 0.1942, 0.1415, 0.1673,
    0.2837, 0.2155, 0.2049, 0.2774, 0.2211, 0.3578, 0.2810, 0.1916, 0.2792, 0.3904,
    0.2572, 0.2824,
  ]

#### world_model_norm
  Points: 52
  Min: 5.6941, Max: 44.8452, Mean: 12.7965
  Data: [
    10.3715, 6.0243, 6.6220, 7.9187, 8.3248, 6.3270, 27.0787, 7.0898, 6.8511, 21.4354,
    11.5050, 11.2637, 8.7935, 7.4037, 8.0385, 16.2215, 7.8548, 8.7953, 10.8580, 19.8480,
    15.7153, 12.6618, 9.8368, 9.7967, 8.1649, 44.8452, 9.2939, 9.3606, 10.1493, 6.3092,
    9.8109, 10.5870, 7.6869, 6.7202, 19.7243, 23.2905, 8.7728, 28.2011, 16.8415, 13.4907,
    37.0368, 7.4401, 20.6258, 29.2628, 5.6941, 6.3103, 8.8971, 8.1163, 6.2003, 13.5161,
    12.1606, 10.2717,
  ]


### DIAGNOSTICS
#### advantage_contribution
  Points: 52
  Min: 0.0630, Max: 0.4264, Mean: 0.1027
  Data: [
    0.4264, 0.0728, 0.0630, 0.0813, 0.0755, 0.1081, 0.0835, 0.1035, 0.1209, 0.1036,
    0.0888, 0.1043, 0.0822, 0.0906, 0.1020, 0.1087, 0.1078, 0.1088, 0.0899, 0.1052,
    0.1041, 0.1176, 0.0914, 0.1032, 0.0954, 0.1006, 0.0963, 0.1003, 0.1339, 0.0928,
    0.0979, 0.0958, 0.1219, 0.0819, 0.0803, 0.0917, 0.1209, 0.0900, 0.0933, 0.0735,
    0.0937, 0.0872, 0.1015, 0.1033, 0.0971, 0.1007, 0.1030, 0.1067, 0.0838, 0.0788,
    0.0911, 0.0808,
  ]

#### entropy_advantage_ratio
  Points: 52
  Min: 0.0025, Max: 0.0157, Mean: 0.0100
  Data: [
    0.0025, 0.0144, 0.0157, 0.0132, 0.0126, 0.0083, 0.0121, 0.0095, 0.0076, 0.0080,
    0.0115, 0.0082, 0.0122, 0.0101, 0.0087, 0.0092, 0.0089, 0.0093, 0.0118, 0.0088,
    0.0090, 0.0082, 0.0110, 0.0091, 0.0105, 0.0087, 0.0103, 0.0086, 0.0073, 0.0099,
    0.0100, 0.0091, 0.0070, 0.0117, 0.0120, 0.0100, 0.0074, 0.0104, 0.0102, 0.0131,
    0.0099, 0.0106, 0.0098, 0.0090, 0.0099, 0.0085, 0.0089, 0.0096, 0.0111, 0.0121,
    0.0113, 0.0113,
  ]

#### entropy_contribution
  Points: 52
  Min: 0.0008, Max: 0.0011, Mean: 0.0010
  Data: [
    0.0011, 0.0011, 0.0010, 0.0011, 0.0010, 0.0009, 0.0010, 0.0010, 0.0009, 0.0008,
    0.0010, 0.0009, 0.0010, 0.0009, 0.0009, 0.0010, 0.0010, 0.0010, 0.0011, 0.0009,
    0.0009, 0.0010, 0.0010, 0.0009, 0.0010, 0.0009, 0.0010, 0.0009, 0.0010, 0.0009,
    0.0010, 0.0009, 0.0008, 0.0010, 0.0010, 0.0009, 0.0009, 0.0009, 0.0010, 0.0010,
    0.0009, 0.0009, 0.0010, 0.0009, 0.0010, 0.0009, 0.0009, 0.0010, 0.0009, 0.0010,
    0.0010, 0.0009,
  ]

#### return_range_S
  Points: 52
  Min: 0.6933, Max: 3.3861, Mean: 2.7746
  Data: [
    0.6933, 3.2297, 3.2042, 3.3861, 3.3412, 2.8445, 2.5955, 2.6814, 2.7003, 2.6947,
    2.6895, 2.7059, 2.6196, 2.6322, 2.7123, 2.8037, 2.8825, 2.9390, 3.0100, 2.9576,
    2.8499, 2.9865, 2.8624, 2.7535, 2.7056, 2.8068, 2.8953, 2.9121, 2.7510, 2.7365,
    2.8533, 2.7957, 2.6397, 2.7542, 2.7735, 2.6891, 2.6629, 2.7527, 2.8243, 2.8896,
    2.6846, 2.7205, 2.7609, 2.7655, 2.6744, 2.7021, 2.6835, 2.7426, 2.8037, 3.0016,
    2.8044, 2.7158,
  ]

#### return_range_at_floor
  Points: 52
  Min: 0.0000, Max: 1.0000, Mean: 0.0192
  Data: [
    1.0000, 0.0000, 0.0000, 0.0000, 0.0000, 0.0000, 0.0000, 0.0000, 0.0000, 0.0000,
    0.0000, 0.0000, 0.0000, 0.0000, 0.0000, 0.0000, 0.0000, 0.0000, 0.0000, 0.0000,
    0.0000, 0.0000, 0.0000, 0.0000, 0.0000, 0.0000, 0.0000, 0.0000, 0.0000, 0.0000,
    0.0000, 0.0000, 0.0000, 0.0000, 0.0000, 0.0000, 0.0000, 0.0000, 0.0000, 0.0000,
    0.0000, 0.0000, 0.0000, 0.0000, 0.0000, 0.0000, 0.0000, 0.0000, 0.0000, 0.0000,
    0.0000, 0.0000,
  ]


### SPARSE_SIGNAL
#### advantage_nonzero_frac
  Points: 52
  Min: 0.6611, Max: 0.9313, Mean: 0.7758
  Data: [
    0.9313, 0.6678, 0.6611, 0.7443, 0.7262, 0.7671, 0.8088, 0.7942, 0.8069, 0.7900,
    0.7817, 0.8071, 0.7684, 0.7903, 0.8142, 0.8138, 0.8259, 0.8068, 0.7871, 0.8089,
    0.8141, 0.8360, 0.7749, 0.8051, 0.7903, 0.8260, 0.7489, 0.7620, 0.7854, 0.7647,
    0.7529, 0.7628, 0.7938, 0.7118, 0.7602, 0.7682, 0.7596, 0.7681, 0.7539, 0.7364,
    0.7658, 0.7583, 0.7550, 0.7711, 0.7617, 0.7710, 0.7807, 0.7806, 0.7522, 0.7656,
    0.7576, 0.7450,
  ]

#### advantage_significant_frac
  Points: 52
  Min: 0.1096, Max: 0.5081, Mean: 0.1798
  Data: [
    0.5081, 0.1257, 0.1096, 0.1663, 0.1510, 0.2149, 0.1618, 0.1852, 0.2640, 0.2146,
    0.1739, 0.2216, 0.1532, 0.1950, 0.2207, 0.1926, 0.1980, 0.1902, 0.1653, 0.1845,
    0.2095, 0.2390, 0.1981, 0.2157, 0.1942, 0.1997, 0.1461, 0.1424, 0.2041, 0.1650,
    0.1754, 0.1555, 0.2017, 0.1378, 0.1363, 0.1569, 0.1835, 0.1648, 0.1514, 0.1164,
    0.1447, 0.1331, 0.1648, 0.1853, 0.1585, 0.1627, 0.1656, 0.1689, 0.1465, 0.1368,
    0.1428, 0.1518,
  ]

#### event_rate_in_batch
  Points: 52
  Min: 0.0101, Max: 0.0423, Mean: 0.0267
  Data: [
    0.0312, 0.0262, 0.0242, 0.0423, 0.0252, 0.0242, 0.0272, 0.0262, 0.0141, 0.0181,
    0.0232, 0.0101, 0.0242, 0.0262, 0.0242, 0.0383, 0.0202, 0.0222, 0.0242, 0.0282,
    0.0202, 0.0181, 0.0232, 0.0292, 0.0141, 0.0192, 0.0343, 0.0302, 0.0212, 0.0282,
    0.0272, 0.0262, 0.0161, 0.0302, 0.0373, 0.0383, 0.0312, 0.0272, 0.0262, 0.0373,
    0.0282, 0.0272, 0.0222, 0.0383, 0.0292, 0.0282, 0.0252, 0.0333, 0.0242, 0.0393,
    0.0312, 0.0242,
  ]

#### lambda_return_abs_mean
  Points: 52
  Min: 3.0080, Max: 3.7795, Mean: 3.4579
  Data: [
    3.6102, 3.4987, 3.3380, 3.5099, 3.3750, 3.3590, 3.3555, 3.3980, 3.4134, 3.4631,
    3.4115, 3.2346, 3.3657, 3.7018, 3.5860, 3.3634, 3.1956, 3.0080, 3.1476, 3.2513,
    3.3350, 3.3600, 3.3629, 3.5621, 3.4378, 3.7329, 3.5996, 3.6881, 3.6328, 3.7285,
    3.5483, 3.4375, 3.5103, 3.6345, 3.7137, 3.4186, 3.7795, 3.4843, 3.6615, 3.4300,
    3.5006, 3.5378, 3.4182, 3.4375, 3.4689, 3.3491, 3.3266, 3.2985, 3.4891, 3.3689,
    3.4120, 3.5580,
  ]

#### lambda_return_nonzero_frac
  Points: 52
  Min: 0.9986, Max: 1.0000, Mean: 0.9997
  Data: [
    0.9998, 0.9999, 0.9998, 0.9999, 1.0000, 0.9999, 1.0000, 1.0000, 0.9991, 0.9994,
    0.9998, 0.9996, 0.9997, 0.9994, 0.9990, 1.0000, 0.9991, 0.9986, 1.0000, 0.9993,
    0.9997, 0.9998, 1.0000, 0.9998, 0.9996, 1.0000, 0.9999, 0.9988, 0.9996, 1.0000,
    0.9990, 0.9998, 0.9997, 0.9999, 1.0000, 0.9993, 0.9996, 0.9999, 0.9998, 0.9997,
    0.9996, 0.9999, 0.9996, 0.9988, 1.0000, 0.9996, 0.9999, 0.9996, 0.9998, 0.9999,
    1.0000, 1.0000,
  ]

#### lambda_return_significant_frac
  Points: 52
  Min: 0.9883, Max: 0.9995, Mean: 0.9961
  Data: [
    0.9946, 0.9992, 0.9965, 0.9891, 0.9982, 0.9985, 0.9981, 0.9994, 0.9918, 0.9906,
    0.9975, 0.9923, 0.9977, 0.9976, 0.9958, 0.9979, 0.9914, 0.9883, 0.9983, 0.9932,
    0.9923, 0.9968, 0.9983, 0.9968, 0.9947, 0.9994, 0.9992, 0.9922, 0.9930, 0.9975,
    0.9940, 0.9965, 0.9950, 0.9995, 0.9988, 0.9935, 0.9955, 0.9978, 0.9986, 0.9967,
    0.9968, 0.9988, 0.9961, 0.9914, 0.9991, 0.9974, 0.9981, 0.9946, 0.9963, 0.9988,
    0.9983, 0.9983,
  ]

#### nonsparse_pred_error
  Points: 52
  Min: 0.0049, Max: 0.0161, Mean: 0.0084
  Data: [
    0.0161, 0.0058, 0.0061, 0.0093, 0.0067, 0.0072, 0.0073, 0.0075, 0.0052, 0.0066,
    0.0049, 0.0094, 0.0090, 0.0076, 0.0093, 0.0112, 0.0075, 0.0049, 0.0086, 0.0096,
    0.0065, 0.0088, 0.0090, 0.0080, 0.0073, 0.0062, 0.0098, 0.0071, 0.0142, 0.0079,
    0.0057, 0.0067, 0.0065, 0.0052, 0.0154, 0.0098, 0.0084, 0.0153, 0.0087, 0.0069,
    0.0106, 0.0105, 0.0056, 0.0117, 0.0110, 0.0060, 0.0086, 0.0075, 0.0070, 0.0077,
    0.0091, 0.0080,
  ]

#### num_sparse_events
  Points: 52
  Min: 10.0000, Max: 42.0000, Mean: 26.4423
  Data: [
    31.0000, 26.0000, 24.0000, 42.0000, 25.0000, 24.0000, 27.0000, 26.0000, 14.0000, 18.0000,
    23.0000, 10.0000, 24.0000, 26.0000, 24.0000, 38.0000, 20.0000, 22.0000, 24.0000, 28.0000,
    20.0000, 18.0000, 23.0000, 29.0000, 14.0000, 19.0000, 34.0000, 30.0000, 21.0000, 28.0000,
    27.0000, 26.0000, 16.0000, 30.0000, 37.0000, 38.0000, 31.0000, 27.0000, 26.0000, 37.0000,
    28.0000, 27.0000, 22.0000, 38.0000, 29.0000, 28.0000, 25.0000, 33.0000, 24.0000, 39.0000,
    31.0000, 24.0000,
  ]

#### reward_max
  Points: 52
  Min: 2.5000, Max: 2.5000, Mean: 2.5000
  Data: [
    2.5000, 2.5000, 2.5000, 2.5000, 2.5000, 2.5000, 2.5000, 2.5000, 2.5000, 2.5000,
    2.5000, 2.5000, 2.5000, 2.5000, 2.5000, 2.5000, 2.5000, 2.5000, 2.5000, 2.5000,
    2.5000, 2.5000, 2.5000, 2.5000, 2.5000, 2.5000, 2.5000, 2.5000, 2.5000, 2.5000,
    2.5000, 2.5000, 2.5000, 2.5000, 2.5000, 2.5000, 2.5000, 2.5000, 2.5000, 2.5000,
    2.5000, 2.5000, 2.5000, 2.5000, 2.5000, 2.5000, 2.5000, 2.5000, 2.5000, 2.5000,
    2.5000, 2.5000,
  ]

#### reward_min
  Points: 52
  Min: -2.6059, Max: -0.0988, Mean: -1.6394
  Data: [
    -0.1148, -0.1401, -2.5497, -2.5780, -2.5707, -2.6050, -2.6059, -2.5854, -0.1541, -2.5864,
    -0.1812, -2.5815, -0.1461, -0.0988, -0.1260, -2.5818, -2.5959, -0.1762, -0.2152, -2.5904,
    -2.5351, -2.5992, -0.1862, -2.5795, -0.1343, -2.5737, -2.5548, -0.1173, -2.5880, -0.1628,
    -2.5430, -0.1883, -0.1770, -0.1394, -2.5408, -0.1713, -2.5491, -2.5478, -2.5554, -2.5533,
    -2.6043, -2.5882, -2.5641, -2.5624, -0.1090, -2.5692, -2.5485, -2.5428, -0.1041, -2.5434,
    -2.5733, -0.1592,
  ]

#### reward_range
  Points: 52
  Min: 2.5988, Max: 5.1059, Mean: 4.1394
  Data: [
    2.6148, 2.6401, 5.0497, 5.0780, 5.0707, 5.1050, 5.1059, 5.0854, 2.6541, 5.0864,
    2.6812, 5.0815, 2.6461, 2.5988, 2.6260, 5.0818, 5.0959, 2.6762, 2.7152, 5.0904,
    5.0351, 5.0992, 2.6862, 5.0795, 2.6343, 5.0737, 5.0548, 2.6173, 5.0880, 2.6628,
    5.0430, 2.6883, 2.6770, 2.6394, 5.0408, 2.6713, 5.0491, 5.0478, 5.0554, 5.0533,
    5.1043, 5.0882, 5.0641, 5.0624, 2.6090, 5.0692, 5.0485, 5.0428, 2.6041, 5.0434,
    5.0733, 2.6592,
  ]

#### reward_variance
  Points: 52
  Min: 0.0440, Max: 0.1758, Mean: 0.1114
  Data: [
    0.1277, 0.1067, 0.1019, 0.1758, 0.1091, 0.1045, 0.1172, 0.1114, 0.0581, 0.0770,
    0.0970, 0.0440, 0.0993, 0.1067, 0.0993, 0.1588, 0.0853, 0.0917, 0.0998, 0.1214,
    0.0845, 0.0783, 0.0983, 0.1247, 0.0586, 0.0845, 0.1404, 0.1230, 0.0917, 0.1149,
    0.1148, 0.1077, 0.0676, 0.1221, 0.1534, 0.1537, 0.1311, 0.1140, 0.1076, 0.1557,
    0.1257, 0.1171, 0.0926, 0.1563, 0.1205, 0.1178, 0.1067, 0.1393, 0.0993, 0.1648,
    0.1346, 0.0991,
  ]

#### sparse_actual_mean
  Points: 52
  Min: 0.9152, Max: 1.9022, Mean: 1.5869
  Data: [
    1.8952, 1.8750, 1.5552, 1.7217, 0.9861, 0.9152, 1.3280, 1.2857, 1.8750, 1.4470,
    1.9022, 1.1059, 1.8750, 1.8750, 1.8750, 1.4716, 1.4888, 1.8750, 1.8750, 1.0538,
    1.4958, 1.0206, 1.9022, 1.3685, 1.8750, 1.1024, 1.6506, 1.8750, 1.5374, 1.8750,
    1.6167, 1.8750, 1.8750, 1.8750, 1.6865, 1.8750, 1.6496, 1.6162, 1.5817, 1.4806,
    1.6874, 1.0478, 1.5274, 1.6737, 1.8966, 1.3288, 1.5955, 1.4337, 1.8750, 1.3070,
    1.1540, 1.8750,
  ]

#### sparse_pred_error
  Points: 52
  Min: 0.0017, Max: 0.1576, Mean: 0.0311
  Data: [
    0.1085, 0.0118, 0.0017, 0.0297, 0.0175, 0.0081, 0.0458, 0.0025, 0.0098, 0.0780,
    0.0030, 0.0955, 0.0036, 0.0036, 0.0062, 0.0154, 0.0047, 0.0048, 0.0053, 0.0202,
    0.0727, 0.0290, 0.0491, 0.0192, 0.0321, 0.1576, 0.0211, 0.0077, 0.0303, 0.0056,
    0.0115, 0.0175, 0.0031, 0.0078, 0.0458, 0.0455, 0.0148, 0.0535, 0.0757, 0.0468,
    0.0440, 0.0230, 0.0474, 0.0937, 0.0114, 0.0116, 0.0163, 0.0367, 0.0030, 0.0562,
    0.0255, 0.0289,
  ]

#### sparse_pred_mean
  Points: 52
  Min: 0.9090, Max: 1.9187, Mean: 1.5863
  Data: [
    1.9082, 1.8771, 1.5550, 1.6944, 0.9694, 0.9090, 1.3615, 1.2844, 1.8686, 1.5235,
    1.9016, 1.1966, 1.8736, 1.8783, 1.8798, 1.4571, 1.4864, 1.8756, 1.8774, 1.0726,
    1.4234, 1.0489, 1.8701, 1.3546, 1.8506, 1.0910, 1.6459, 1.8737, 1.5258, 1.8757,
    1.6058, 1.8587, 1.8720, 1.8721, 1.6511, 1.9187, 1.6428, 1.6488, 1.5824, 1.4346,
    1.7176, 1.0634, 1.4811, 1.7505, 1.8884, 1.3230, 1.5918, 1.4068, 1.8723, 1.2841,
    1.1330, 1.8782,
  ]

#### sparse_sign_accuracy
  Points: 52
  Min: 1.0000, Max: 1.0000, Mean: 1.0000
  Data: [
    1.0000, 1.0000, 1.0000, 1.0000, 1.0000, 1.0000, 1.0000, 1.0000, 1.0000, 1.0000,
    1.0000, 1.0000, 1.0000, 1.0000, 1.0000, 1.0000, 1.0000, 1.0000, 1.0000, 1.0000,
    1.0000, 1.0000, 1.0000, 1.0000, 1.0000, 1.0000, 1.0000, 1.0000, 1.0000, 1.0000,
    1.0000, 1.0000, 1.0000, 1.0000, 1.0000, 1.0000, 1.0000, 1.0000, 1.0000, 1.0000,
    1.0000, 1.0000, 1.0000, 1.0000, 1.0000, 1.0000, 1.0000, 1.0000, 1.0000, 1.0000,
    1.0000, 1.0000,
  ]

#### sparse_vs_nonsparse_error_ratio
  Points: 52
  Min: 0.2720, Max: 25.3290, Mean: 3.7367
  Data: [
    6.7209, 2.0531, 0.2720, 3.1778, 2.6302, 1.1246, 6.3115, 0.3324, 1.8744, 11.8310,
    0.6165, 10.1485, 0.3936, 0.4718, 0.6646, 1.3766, 0.6315, 0.9823, 0.6147, 2.0975,
    11.2353, 3.3123, 5.4752, 2.4108, 4.4116, 25.3290, 2.1582, 1.0966, 2.1424, 0.7145,
    2.0038, 2.6221, 0.4728, 1.5137, 2.9773, 4.6457, 1.7553, 3.4988, 8.6666, 6.7829,
    4.1645, 2.1944, 8.5311, 8.0252, 1.0360, 1.9182, 1.8809, 4.8858, 0.4253, 7.2670,
    2.8122, 3.6169,
  ]

#### sparse_weight_applied
  Points: 52
  Min: 22.6190, Max: 98.2000, Mean: 39.5220
  Data: [
    31.0000, 37.1538, 40.3333, 22.6190, 38.6800, 40.3333, 35.7407, 37.1538, 69.8571, 54.1111,
    42.1304, 98.2000, 40.3333, 37.1538, 40.3333, 25.1053, 48.6000, 44.0909, 40.3333, 34.4286,
    48.6000, 54.1111, 42.1304, 33.2069, 69.8571, 51.2105, 28.1765, 32.0667, 46.2381, 34.4286,
    35.7407, 37.1538, 61.0000, 32.0667, 25.8108, 25.1053, 31.0000, 35.7407, 37.1538, 25.8108,
    34.4286, 35.7407, 44.0909, 25.1053, 33.2069, 34.4286, 38.6800, 29.0606, 40.3333, 24.4359,
    31.0000, 40.3333,
  ]

#### unweighted_reward_loss
  Points: 52
  Min: 0.1570, Max: 0.2842, Mean: 0.2195
  Data: [
    0.2161, 0.1766, 0.2244, 0.2608, 0.1979, 0.2042, 0.2103, 0.2320, 0.1684, 0.1910,
    0.1690, 0.2332, 0.2206, 0.2032, 0.2160, 0.2479, 0.2088, 0.1960, 0.2135, 0.2607,
    0.2184, 0.1873, 0.2349, 0.2279, 0.1570, 0.2296, 0.2449, 0.2402, 0.2429, 0.2134,
    0.1983, 0.2256, 0.2151, 0.1957, 0.2641, 0.2636, 0.2436, 0.2356, 0.2086, 0.2468,
    0.2109, 0.2137, 0.1797, 0.2842, 0.2376, 0.2157, 0.2175, 0.2083, 0.2252, 0.2407,
    0.2286, 0.2066,
  ]

#### value_lambda_gap_abs_mean
  Points: 52
  Min: 0.1479, Max: 0.2574, Mean: 0.1959
  Data: [
    0.1775, 0.1690, 0.1479, 0.2086, 0.1909, 0.2204, 0.1638, 0.2020, 0.2574, 0.2174,
    0.1805, 0.2230, 0.1615, 0.1884, 0.2102, 0.2233, 0.2214, 0.2193, 0.1963, 0.2287,
    0.2234, 0.2497, 0.1993, 0.2122, 0.1942, 0.2093, 0.1960, 0.2042, 0.2523, 0.1865,
    0.1964, 0.1967, 0.2306, 0.1556, 0.1626, 0.1736, 0.2255, 0.1793, 0.1820, 0.1501,
    0.1839, 0.1705, 0.2043, 0.1939, 0.1793, 0.2042, 0.1918, 0.2012, 0.1766, 0.1685,
    0.1671, 0.1604,
  ]

#### value_lambda_gap_mean
  Points: 52
  Min: -0.0358, Max: 0.0699, Mean: 0.0138
  Data: [
    0.0317, 0.0180, -0.0138, 0.0699, 0.0033, 0.0275, 0.0043, 0.0028, 0.0373, 0.0174,
    0.0131, -0.0358, -0.0034, 0.0286, 0.0234, -0.0093, 0.0359, 0.0392, 0.0391, -0.0007,
    0.0385, -0.0012, 0.0281, 0.0106, 0.0138, -0.0139, 0.0416, -0.0218, -0.0173, 0.0088,
    0.0110, -0.0111, 0.0318, -0.0108, 0.0252, 0.0132, 0.0672, 0.0372, 0.0405, 0.0159,
    -0.0028, 0.0044, -0.0224, 0.0377, 0.0127, -0.0087, 0.0314, -0.0020, 0.0064, 0.0338,
    -0.0118, 0.0055,
  ]

#### weighted_reward_loss
  Points: 52
  Min: 0.2330, Max: 0.4335, Mean: 0.2843
  Data: [
    0.3112, 0.2431, 0.2691, 0.3222, 0.2648, 0.2765, 0.3051, 0.2794, 0.2383, 0.3293,
    0.2330, 0.3303, 0.2625, 0.2534, 0.2613, 0.2882, 0.2675, 0.2501, 0.2596, 0.3086,
    0.3245, 0.2788, 0.2845, 0.2801, 0.2404, 0.4335, 0.2856, 0.2739, 0.2917, 0.2591,
    0.2536, 0.2693, 0.2597, 0.2514, 0.3124, 0.3075, 0.2790, 0.3104, 0.2972, 0.2999,
    0.2889, 0.2795, 0.2707, 0.3792, 0.2714, 0.2731, 0.2668, 0.2702, 0.2638, 0.3172,
    0.2880, 0.2667,
  ]


### AUX
#### goal_accuracy
  Points: 52
  Min: 0.9395, Max: 0.9940, Mean: 0.9680
  Data: [
    0.9728, 0.9839, 0.9940, 0.9667, 0.9688, 0.9879, 0.9798, 0.9667, 0.9869, 0.9627,
    0.9929, 0.9798, 0.9758, 0.9738, 0.9788, 0.9556, 0.9637, 0.9798, 0.9688, 0.9688,
    0.9859, 0.9577, 0.9728, 0.9788, 0.9627, 0.9768, 0.9456, 0.9698, 0.9425, 0.9778,
    0.9788, 0.9556, 0.9637, 0.9728, 0.9435, 0.9778, 0.9607, 0.9395, 0.9627, 0.9476,
    0.9456, 0.9738, 0.9536, 0.9657, 0.9708, 0.9778, 0.9546, 0.9587, 0.9567, 0.9698,
    0.9556, 0.9698,
  ]

#### goal_loss
  Points: 52
  Min: 0.0196, Max: 0.1515, Mean: 0.0764
  Data: [
    0.0537, 0.0442, 0.0196, 0.0804, 0.0767, 0.0290, 0.0551, 0.0658, 0.0282, 0.0796,
    0.0254, 0.0467, 0.0498, 0.0604, 0.0564, 0.0990, 0.0881, 0.0543, 0.0732, 0.0730,
    0.0435, 0.1140, 0.0584, 0.0570, 0.0727, 0.0625, 0.1138, 0.0676, 0.1209, 0.0544,
    0.0598, 0.1001, 0.0849, 0.0723, 0.1515, 0.0489, 0.0999, 0.1308, 0.0848, 0.1132,
    0.1222, 0.0777, 0.1089, 0.0798, 0.0756, 0.0661, 0.1153, 0.0880, 0.1058, 0.0925,
    0.0935, 0.0759,
  ]

#### goal_positive_rate
  Points: 52
  Min: 0.0585, Max: 0.2510, Mean: 0.1610
  Data: [
    0.1593, 0.1442, 0.1603, 0.2510, 0.1734, 0.1462, 0.1573, 0.1603, 0.0585, 0.1240,
    0.0978, 0.0635, 0.1351, 0.1895, 0.1764, 0.2308, 0.1371, 0.1482, 0.1220, 0.1683,
    0.1119, 0.1341, 0.1411, 0.1452, 0.0696, 0.1341, 0.2107, 0.2026, 0.1321, 0.1865,
    0.1532, 0.1673, 0.1079, 0.1754, 0.2198, 0.2056, 0.1875, 0.1583, 0.1562, 0.2006,
    0.1623, 0.1512, 0.1552, 0.2440, 0.1452, 0.1754, 0.1673, 0.2278, 0.1764, 0.2258,
    0.1724, 0.1663,
  ]

#### goal_pred_positive_rate
  Points: 52
  Min: 0.0554, Max: 0.2480, Mean: 0.1555
  Data: [
    0.1643, 0.1502, 0.1623, 0.2480, 0.1462, 0.1381, 0.1532, 0.1351, 0.0554, 0.1129,
    0.0968, 0.0635, 0.1310, 0.1935, 0.1593, 0.2329, 0.1149, 0.1421, 0.1310, 0.1552,
    0.1200, 0.1079, 0.1381, 0.1280, 0.0685, 0.1149, 0.1744, 0.1946, 0.1371, 0.1845,
    0.1421, 0.1613, 0.1139, 0.1724, 0.2036, 0.1976, 0.2067, 0.1825, 0.1673, 0.1825,
    0.1482, 0.1512, 0.1714, 0.2339, 0.1562, 0.1653, 0.1280, 0.2087, 0.1754, 0.2097,
    0.1865, 0.1663,
  ]

#### puck_goal_dist_actual_mean
  Points: 52
  Min: 2.3365, Max: 3.1769, Mean: 2.7665
  Data: [
    2.3365, 2.4040, 2.7653, 2.5035, 2.8080, 2.7649, 2.8274, 2.6754, 2.7716, 2.7649,
    2.6641, 3.1429, 2.6871, 2.8316, 2.9769, 2.6995, 2.7767, 2.6866, 2.7106, 3.0903,
    2.8171, 2.7541, 3.1769, 2.8811, 2.3653, 2.7358, 2.7701, 2.8252, 2.9734, 2.7329,
    2.7470, 2.8624, 3.1525, 2.6838, 2.6222, 2.6843, 2.7561, 2.7198, 2.7759, 2.7831,
    2.6283, 2.8502, 2.7170, 2.5972, 2.9086, 2.6746, 2.7538, 2.7236, 2.9209, 2.6978,
    2.8495, 2.8288,
  ]

#### puck_goal_dist_error
  Points: 52
  Min: 0.0816, Max: 0.1257, Mean: 0.1035
  Data: [
    0.0941, 0.0931, 0.1168, 0.0816, 0.1043, 0.1035, 0.1052, 0.1068, 0.1123, 0.1117,
    0.1007, 0.1155, 0.1011, 0.0926, 0.0980, 0.1050, 0.1257, 0.1037, 0.1019, 0.1044,
    0.1077, 0.1105, 0.1039, 0.1038, 0.1145, 0.1132, 0.0919, 0.1058, 0.1106, 0.0950,
    0.0938, 0.0918, 0.1026, 0.1102, 0.1098, 0.1043, 0.0935, 0.1042, 0.1042, 0.1008,
    0.0959, 0.0931, 0.1060, 0.1042, 0.0952, 0.1071, 0.1239, 0.1020, 0.1119, 0.0936,
    0.1080, 0.0922,
  ]

#### puck_goal_dist_loss
  Points: 52
  Min: 0.0151, Max: 0.0324, Mean: 0.0227
  Data: [
    0.0175, 0.0194, 0.0256, 0.0151, 0.0229, 0.0211, 0.0226, 0.0242, 0.0286, 0.0239,
    0.0212, 0.0238, 0.0242, 0.0178, 0.0203, 0.0211, 0.0322, 0.0205, 0.0213, 0.0208,
    0.0242, 0.0263, 0.0228, 0.0231, 0.0296, 0.0265, 0.0172, 0.0220, 0.0243, 0.0173,
    0.0200, 0.0203, 0.0226, 0.0257, 0.0324, 0.0217, 0.0201, 0.0232, 0.0216, 0.0227,
    0.0173, 0.0192, 0.0227, 0.0211, 0.0193, 0.0266, 0.0302, 0.0211, 0.0321, 0.0168,
    0.0299, 0.0189,
  ]

#### puck_goal_dist_pred_mean
  Points: 52
  Min: 2.3685, Max: 3.1717, Mean: 2.7742
  Data: [
    2.3685, 2.4158, 2.7931, 2.4953, 2.7668, 2.7896, 2.8152, 2.6670, 2.7948, 2.7597,
    2.6876, 3.1717, 2.6838, 2.8303, 2.9696, 2.7124, 2.8049, 2.7027, 2.7110, 3.0899,
    2.8224, 2.7478, 3.1634, 2.9014, 2.4030, 2.7736, 2.7907, 2.8388, 2.9825, 2.7450,
    2.7437, 2.8741, 3.1256, 2.6609, 2.6632, 2.6934, 2.7656, 2.7269, 2.8006, 2.8033,
    2.6462, 2.8705, 2.7243, 2.6206, 2.9014, 2.7010, 2.6952, 2.7435, 2.9187, 2.6839,
    2.8746, 2.8229,
  ]

#### shot_quality_actual_mean
  Points: 52
  Min: 0.0871, Max: 0.1597, Mean: 0.1222
  Data: [
    0.1597, 0.1522, 0.1194, 0.1464, 0.1328, 0.1064, 0.1226, 0.1116, 0.1203, 0.1077,
    0.1307, 0.0871, 0.1298, 0.1190, 0.1003, 0.1316, 0.1141, 0.1194, 0.1215, 0.1002,
    0.1134, 0.1033, 0.0872, 0.1277, 0.1427, 0.0881, 0.1288, 0.1167, 0.1192, 0.1254,
    0.1283, 0.1406, 0.0909, 0.1275, 0.1552, 0.1443, 0.1360, 0.1122, 0.1439, 0.1304,
    0.1259, 0.1161, 0.1229, 0.1396, 0.1151, 0.1104, 0.1142, 0.1245, 0.1172, 0.1337,
    0.1155, 0.1255,
  ]

#### shot_quality_loss
  Points: 52
  Min: 0.0003, Max: 0.0014, Mean: 0.0007
  Data: [
    0.0010, 0.0005, 0.0009, 0.0004, 0.0005, 0.0006, 0.0005, 0.0010, 0.0008, 0.0006,
    0.0007, 0.0006, 0.0006, 0.0006, 0.0005, 0.0007, 0.0010, 0.0005, 0.0005, 0.0012,
    0.0005, 0.0007, 0.0005, 0.0009, 0.0011, 0.0008, 0.0010, 0.0004, 0.0006, 0.0003,
    0.0005, 0.0009, 0.0005, 0.0007, 0.0012, 0.0009, 0.0005, 0.0006, 0.0010, 0.0006,
    0.0009, 0.0007, 0.0006, 0.0007, 0.0006, 0.0014, 0.0011, 0.0011, 0.0006, 0.0008,
    0.0009, 0.0007,
  ]

#### shot_quality_pred_mean
  Points: 52
  Min: 0.0833, Max: 0.1617, Mean: 0.1223
  Data: [
    0.1617, 0.1516, 0.1200, 0.1453, 0.1370, 0.1074, 0.1242, 0.1126, 0.1199, 0.1087,
    0.1264, 0.0833, 0.1272, 0.1198, 0.1011, 0.1307, 0.1163, 0.1180, 0.1232, 0.0993,
    0.1135, 0.1040, 0.0894, 0.1264, 0.1411, 0.0875, 0.1280, 0.1157, 0.1207, 0.1250,
    0.1285, 0.1385, 0.0914, 0.1277, 0.1557, 0.1444, 0.1342, 0.1124, 0.1414, 0.1317,
    0.1260, 0.1153, 0.1225, 0.1378, 0.1153, 0.1149, 0.1188, 0.1266, 0.1161, 0.1343,
    0.1132, 0.1278,
  ]

#### total_loss
  Points: 52
  Min: 0.0461, Max: 0.1850, Mean: 0.0998
  Data: [
    0.0722, 0.0641, 0.0461, 0.0958, 0.1001, 0.0508, 0.0782, 0.0910, 0.0576, 0.1041,
    0.0473, 0.0711, 0.0747, 0.0788, 0.0773, 0.1208, 0.1213, 0.0754, 0.0949, 0.0950,
    0.0682, 0.1410, 0.0817, 0.0810, 0.1034, 0.0898, 0.1320, 0.0900, 0.1458, 0.0720,
    0.0803, 0.1213, 0.1081, 0.0986, 0.1850, 0.0715, 0.1206, 0.1545, 0.1074, 0.1364,
    0.1404, 0.0976, 0.1321, 0.1015, 0.0955, 0.0941, 0.1466, 0.1101, 0.1386, 0.1101,
    0.1242, 0.0955,
  ]

