================================================================================
W&B RUN DATA: _weak_seed42_20260224_040000
================================================================================

## RUN METADATA
Run ID: 65uupd8c
Created: 2026-02-24T03:00:03Z
State: running
Duration: 38609.484145221 seconds

## CONFIGURATION
  [Environment]
    opponent: weak
  [Training]
    batch_size: 32
    batch_length: 32
    imagination_horizon: 15
    discount: 0.997
  [Entropy]
    entropy_scale: 0.0003
  [Self-Play]
    self_play_start: 1
    self_play_pool_size: 48
    self_play_save_interval: 200
    self_play_weak_ratio: 0.2
    use_pfsp: True
    pfsp_mode: variance
  [Architecture]
    recurrent_size: 256
    latent_length: 16
    latent_classes: 16
  [Meta]
    seed: 42
    algorithm: DreamerV3

## FINAL SUMMARY
  runtime: 10.72 hours (38609 seconds)

## NOTE: Data reduced (fraction=0.1, max_points=100)

## METRICS DATA

### STATS
#### buffer_size
  Points: 46
  Min: 1108.0000, Max: 250000.0000, Mean: 210326.6522
  Data: [
    1108.0000, 22928.0000, 37670.0000, 53377.0000, 67198.0000, 90073.0000, 111517.0000, 129135.0000, 147594.0000, 164796.0000,
    180954.0000, 198558.0000, 220118.0000, 250000.0000, 250000.0000, 250000.0000, 250000.0000, 250000.0000, 250000.0000, 250000.0000,
    250000.0000, 250000.0000, 250000.0000, 250000.0000, 250000.0000, 250000.0000, 250000.0000, 250000.0000, 250000.0000, 250000.0000,
    250000.0000, 250000.0000, 250000.0000, 250000.0000, 250000.0000, 250000.0000, 250000.0000, 250000.0000, 250000.0000, 250000.0000,
    250000.0000, 250000.0000, 250000.0000, 250000.0000, 250000.0000, 250000.0000,
  ]

#### draws
  Points: 46
  Min: 0.0000, Max: 764.0000, Mean: 417.0000
  Data: [
    0.0000, 20.0000, 31.0000, 44.0000, 60.0000, 83.0000, 104.0000, 125.0000, 143.0000, 164.0000,
    178.0000, 196.0000, 223.0000, 259.0000, 272.0000, 285.0000, 307.0000, 330.0000, 349.0000, 359.0000,
    394.0000, 421.0000, 434.0000, 447.0000, 470.0000, 486.0000, 500.0000, 525.0000, 548.0000, 558.0000,
    580.0000, 597.0000, 611.0000, 620.0000, 630.0000, 651.0000, 665.0000, 676.0000, 685.0000, 701.0000,
    715.0000, 731.0000, 742.0000, 747.0000, 752.0000, 764.0000,
  ]

#### env_steps
  Points: 46
  Min: 1470254.0000, Max: 2322374.0000, Mean: 1904254.8913
  Data: [
    1470254.0000, 1492074.0000, 1506816.0000, 1522523.0000, 1536344.0000, 1559219.0000, 1580663.0000, 1598281.0000, 1616740.0000, 1633942.0000,
    1650100.0000, 1667704.0000, 1689264.0000, 1719383.0000, 1736343.0000, 1754371.0000, 1776232.0000, 1797170.0000, 1819309.0000, 1832576.0000,
    1867389.0000, 1890118.0000, 1905362.0000, 1920834.0000, 1945971.0000, 1967440.0000, 1982131.0000, 2006599.0000, 2029587.0000, 2039931.0000,
    2064346.0000, 2080671.0000, 2096651.0000, 2109383.0000, 2125566.0000, 2152815.0000, 2173353.0000, 2190018.0000, 2202999.0000, 2220227.0000,
    2234137.0000, 2254457.0000, 2269252.0000, 2283240.0000, 2301566.0000, 2322374.0000,
  ]

#### episodes
  Points: 46
  Min: 18820.0000, Max: 29150.0000, Mean: 23956.3043
  Data: [
    18820.0000, 19080.0000, 19260.0000, 19460.0000, 19620.0000, 19920.0000, 20190.0000, 20390.0000, 20610.0000, 20810.0000,
    21010.0000, 21210.0000, 21440.0000, 21770.0000, 21970.0000, 22180.0000, 22440.0000, 22650.0000, 22930.0000, 23090.0000,
    23480.0000, 23730.0000, 23900.0000, 24080.0000, 24380.0000, 24630.0000, 24780.0000, 25040.0000, 25300.0000, 25430.0000,
    25730.0000, 25920.0000, 26130.0000, 26300.0000, 26510.0000, 26850.0000, 27120.0000, 27350.0000, 27540.0000, 27770.0000,
    27950.0000, 28220.0000, 28410.0000, 28590.0000, 28850.0000, 29150.0000,
  ]

#### gradient_steps
  Points: 46
  Min: 474016.0000, Max: 639296.0000, Mean: 556196.8696
  Data: [
    474016.0000, 478176.0000, 481056.0000, 484256.0000, 486816.0000, 491616.0000, 495936.0000, 499136.0000, 502656.0000, 505856.0000,
    509056.0000, 512256.0000, 515936.0000, 521216.0000, 524416.0000, 527776.0000, 531936.0000, 535296.0000, 539776.0000, 542336.0000,
    548576.0000, 552576.0000, 555296.0000, 558176.0000, 562976.0000, 566976.0000, 569376.0000, 573536.0000, 577696.0000, 579776.0000,
    584576.0000, 587616.0000, 590976.0000, 593696.0000, 597056.0000, 602496.0000, 606816.0000, 610496.0000, 613536.0000, 617216.0000,
    620096.0000, 624416.0000, 627456.0000, 630336.0000, 634496.0000, 639296.0000,
  ]

#### losses
  Points: 46
  Min: 1.0000, Max: 1962.0000, Mean: 1059.3913
  Data: [
    1.0000, 62.0000, 94.0000, 151.0000, 196.0000, 277.0000, 338.0000, 375.0000, 428.0000, 470.0000,
    509.0000, 553.0000, 591.0000, 654.0000, 691.0000, 735.0000, 795.0000, 831.0000, 890.0000, 917.0000,
    985.0000, 1030.0000, 1063.0000, 1102.0000, 1178.0000, 1243.0000, 1278.0000, 1322.0000, 1365.0000, 1390.0000,
    1442.0000, 1473.0000, 1499.0000, 1522.0000, 1552.0000, 1615.0000, 1661.0000, 1696.0000, 1725.0000, 1759.0000,
    1796.0000, 1836.0000, 1869.0000, 1892.0000, 1919.0000, 1962.0000,
  ]

#### mean_reward
  Points: 46
  Min: -11.8854, Max: 7.4053, Mean: 3.6707
  Data: [
    -11.8854, 2.0648, 3.7319, 0.6240, 0.8096, 1.0997, 3.0044, 3.9457, 3.4171, 3.0586,
    3.3804, 3.7911, 4.6989, 3.6774, 4.7741, 3.6258, 1.7962, 3.8660, 3.6639, 4.6528,
    3.3811, 4.9500, 3.3547, 4.4598, 2.5646, 2.3500, 2.9403, 3.8203, 4.6380, 4.1729,
    5.1479, 5.5647, 5.8700, 4.9097, 5.7012, 4.4767, 4.6548, 6.1609, 5.5470, 4.5331,
    3.1079, 5.0315, 3.3965, 6.5954, 7.4053, 6.3201,
  ]

#### opponent_recent_selfplay_frac
  Points: 46
  Min: 0.7450, Max: 1.0000, Mean: 0.8008
  Data: [
    1.0000, 0.7850, 0.7950, 0.8600, 0.8550, 0.7850, 0.7950, 0.8050, 0.8250, 0.7950,
    0.7750, 0.8250, 0.7950, 0.7600, 0.8150, 0.7950, 0.7900, 0.7600, 0.7750, 0.7950,
    0.7900, 0.8050, 0.7850, 0.7800, 0.7750, 0.8300, 0.8400, 0.7800, 0.7700, 0.8100,
    0.7850, 0.7650, 0.7650, 0.7450, 0.8000, 0.8300, 0.8050, 0.7950, 0.7850, 0.8200,
    0.7850, 0.8450, 0.8350, 0.7950, 0.7700, 0.7600,
  ]

#### opponent_recent_strong_frac
  Points: 46
  Min: 0.0000, Max: 0.1300, Mean: 0.0997
  Data: [
    0.0000, 0.1050, 0.1000, 0.0700, 0.0750, 0.1100, 0.1000, 0.1000, 0.0850, 0.1050,
    0.1100, 0.0900, 0.1000, 0.1150, 0.0950, 0.1000, 0.1050, 0.1200, 0.1150, 0.1050,
    0.1050, 0.1000, 0.1100, 0.1100, 0.1150, 0.0900, 0.0800, 0.1100, 0.1100, 0.0950,
    0.1050, 0.1200, 0.1200, 0.1300, 0.1000, 0.0850, 0.1000, 0.1000, 0.1050, 0.0900,
    0.1050, 0.0800, 0.0800, 0.1000, 0.1150, 0.1200,
  ]

#### opponent_recent_weak_frac
  Points: 46
  Min: 0.0000, Max: 0.1250, Mean: 0.0996
  Data: [
    0.0000, 0.1100, 0.1050, 0.0700, 0.0700, 0.1050, 0.1050, 0.0950, 0.0900, 0.1000,
    0.1150, 0.0850, 0.1050, 0.1250, 0.0900, 0.1050, 0.1050, 0.1200, 0.1100, 0.1000,
    0.1050, 0.0950, 0.1050, 0.1100, 0.1100, 0.0800, 0.0800, 0.1100, 0.1200, 0.0950,
    0.1100, 0.1150, 0.1150, 0.1250, 0.1000, 0.0850, 0.0950, 0.1050, 0.1100, 0.0900,
    0.1100, 0.0750, 0.0850, 0.1050, 0.1150, 0.1200,
  ]

#### opponent_recent_window
  Points: 46
  Min: 1.0000, Max: 200.0000, Mean: 195.6739
  Data: [
    1.0000, 200.0000, 200.0000, 200.0000, 200.0000, 200.0000, 200.0000, 200.0000, 200.0000, 200.0000,
    200.0000, 200.0000, 200.0000, 200.0000, 200.0000, 200.0000, 200.0000, 200.0000, 200.0000, 200.0000,
    200.0000, 200.0000, 200.0000, 200.0000, 200.0000, 200.0000, 200.0000, 200.0000, 200.0000, 200.0000,
    200.0000, 200.0000, 200.0000, 200.0000, 200.0000, 200.0000, 200.0000, 200.0000, 200.0000, 200.0000,
    200.0000, 200.0000, 200.0000, 200.0000, 200.0000, 200.0000,
  ]

#### opponent_selfplay_count
  Points: 46
  Min: 1.0000, Max: 8236.0000, Mean: 4106.7391
  Data: [
    1.0000, 204.0000, 347.0000, 519.0000, 655.0000, 895.0000, 1112.0000, 1273.0000, 1454.0000, 1613.0000,
    1768.0000, 1933.0000, 2117.0000, 2374.0000, 2537.0000, 2704.0000, 2913.0000, 3073.0000, 3296.0000, 3423.0000,
    3725.0000, 3930.0000, 4065.0000, 4203.0000, 4444.0000, 4650.0000, 4776.0000, 4976.0000, 5180.0000, 5288.0000,
    5515.0000, 5662.0000, 5821.0000, 5946.0000, 6115.0000, 6393.0000, 6617.0000, 6802.0000, 6950.0000, 7138.0000,
    7280.0000, 7508.0000, 7665.0000, 7808.0000, 8006.0000, 8236.0000,
  ]

#### opponent_strong_count
  Points: 46
  Min: 0.0000, Max: 1048.0000, Mean: 515.2174
  Data: [
    0.0000, 28.0000, 47.0000, 61.0000, 73.0000, 103.0000, 129.0000, 149.0000, 168.0000, 189.0000,
    211.0000, 229.0000, 252.0000, 288.0000, 307.0000, 328.0000, 354.0000, 379.0000, 408.0000, 424.0000,
    468.0000, 491.0000, 508.0000, 529.0000, 559.0000, 581.0000, 592.0000, 622.0000, 650.0000, 661.0000,
    698.0000, 720.0000, 745.0000, 768.0000, 788.0000, 819.0000, 842.0000, 864.0000, 885.0000, 906.0000,
    925.0000, 947.0000, 963.0000, 981.0000, 1013.0000, 1048.0000,
  ]

#### opponent_weak_count
  Points: 46
  Min: 0.0000, Max: 1047.0000, Mean: 515.3478
  Data: [
    0.0000, 29.0000, 47.0000, 61.0000, 73.0000, 103.0000, 130.0000, 149.0000, 169.0000, 189.0000,
    212.0000, 229.0000, 252.0000, 289.0000, 307.0000, 329.0000, 354.0000, 379.0000, 407.0000, 424.0000,
    468.0000, 490.0000, 508.0000, 529.0000, 558.0000, 580.0000, 593.0000, 623.0000, 651.0000, 662.0000,
    698.0000, 719.0000, 745.0000, 767.0000, 788.0000, 819.0000, 842.0000, 865.0000, 886.0000, 907.0000,
    926.0000, 946.0000, 963.0000, 982.0000, 1012.0000, 1047.0000,
  ]

#### probe_loaded_count
  Points: 46
  Min: 0.0000, Max: 0.0000, Mean: 0.0000
  Data: [
    0.0000, 0.0000, 0.0000, 0.0000, 0.0000, 0.0000, 0.0000, 0.0000, 0.0000, 0.0000,
    0.0000, 0.0000, 0.0000, 0.0000, 0.0000, 0.0000, 0.0000, 0.0000, 0.0000, 0.0000,
    0.0000, 0.0000, 0.0000, 0.0000, 0.0000, 0.0000, 0.0000, 0.0000, 0.0000, 0.0000,
    0.0000, 0.0000, 0.0000, 0.0000, 0.0000, 0.0000, 0.0000, 0.0000, 0.0000, 0.0000,
    0.0000, 0.0000, 0.0000, 0.0000, 0.0000, 0.0000,
  ]

#### probe_pending_count
  Points: 46
  Min: 0.0000, Max: 52.0000, Mean: 25.9348
  Data: [
    0.0000, 2.0000, 2.0000, 4.0000, 4.0000, 6.0000, 7.0000, 8.0000, 9.0000, 10.0000,
    11.0000, 12.0000, 13.0000, 15.0000, 16.0000, 17.0000, 18.0000, 19.0000, 21.0000, 22.0000,
    24.0000, 25.0000, 26.0000, 27.0000, 28.0000, 29.0000, 30.0000, 31.0000, 32.0000, 33.0000,
    35.0000, 36.0000, 37.0000, 37.0000, 39.0000, 41.0000, 42.0000, 43.0000, 44.0000, 45.0000,
    46.0000, 47.0000, 48.0000, 49.0000, 51.0000, 52.0000,
  ]

#### win_rate
  Points: 46
  Min: 0.0000, Max: 0.9100, Mean: 0.7159
  Data: [
    0.0000, 0.6600, 0.7300, 0.5800, 0.5600, 0.5700, 0.6900, 0.7200, 0.7000, 0.6800,
    0.7100, 0.7200, 0.7600, 0.6900, 0.7800, 0.7200, 0.6300, 0.7200, 0.7200, 0.7700,
    0.7000, 0.7600, 0.6900, 0.7500, 0.6700, 0.6400, 0.6800, 0.7100, 0.7500, 0.7300,
    0.7800, 0.7900, 0.8300, 0.7800, 0.8300, 0.7700, 0.7700, 0.8400, 0.8100, 0.7600,
    0.6700, 0.7700, 0.7000, 0.8800, 0.9100, 0.8500,
  ]

#### wins
  Points: 46
  Min: 0.0000, Max: 7605.0000, Mean: 3660.9130
  Data: [
    0.0000, 179.0000, 316.0000, 446.0000, 545.0000, 741.0000, 929.0000, 1071.0000, 1220.0000, 1357.0000,
    1504.0000, 1642.0000, 1807.0000, 2038.0000, 2188.0000, 2341.0000, 2519.0000, 2670.0000, 2872.0000, 2995.0000,
    3282.0000, 3460.0000, 3584.0000, 3712.0000, 3913.0000, 4082.0000, 4183.0000, 4374.0000, 4568.0000, 4663.0000,
    4889.0000, 5031.0000, 5201.0000, 5339.0000, 5509.0000, 5765.0000, 5975.0000, 6159.0000, 6311.0000, 6491.0000,
    6620.0000, 6834.0000, 6980.0000, 7132.0000, 7360.0000, 7605.0000,
  ]


### EPISODE
#### draw_rate_100
  Points: 46
  Min: 0.0000, Max: 0.0100, Mean: 0.0013
  Data: [
    0.0000, 0.0000, 0.0000, 0.0000, 0.0000, 0.0000, 0.0000, 0.0000, 0.0000, 0.0000,
    0.0100, 0.0000, 0.0000, 0.0100, 0.0000, 0.0000, 0.0000, 0.0000, 0.0100, 0.0000,
    0.0000, 0.0000, 0.0100, 0.0000, 0.0000, 0.0000, 0.0100, 0.0000, 0.0000, 0.0000,
    0.0000, 0.0000, 0.0000, 0.0000, 0.0000, 0.0000, 0.0000, 0.0000, 0.0000, 0.0000,
    0.0000, 0.0000, 0.0100, 0.0000, 0.0000, 0.0000,
  ]

#### length_max
  Points: 46
  Min: 36.0000, Max: 251.0000, Mean: 246.3261
  Data: [
    36.0000, 251.0000, 251.0000, 251.0000, 251.0000, 251.0000, 251.0000, 251.0000, 251.0000, 251.0000,
    251.0000, 251.0000, 251.0000, 251.0000, 251.0000, 251.0000, 251.0000, 251.0000, 251.0000, 251.0000,
    251.0000, 251.0000, 251.0000, 251.0000, 251.0000, 251.0000, 251.0000, 251.0000, 251.0000, 251.0000,
    251.0000, 251.0000, 251.0000, 251.0000, 251.0000, 251.0000, 251.0000, 251.0000, 251.0000, 251.0000,
    251.0000, 251.0000, 251.0000, 251.0000, 251.0000, 251.0000,
  ]

#### length_mean
  Points: 46
  Min: 36.0000, Max: 101.4700, Mean: 82.1483
  Data: [
    36.0000, 85.5900, 85.8700, 82.8800, 85.9100, 89.7700, 75.0800, 87.2400, 86.4500, 90.7700,
    77.7400, 82.8800, 80.4000, 93.9000, 84.7500, 84.6600, 86.6200, 96.8500, 82.4800, 85.8700,
    95.9300, 90.2000, 94.0600, 89.4200, 79.9500, 95.1400, 101.4700, 95.4600, 84.1900, 81.4900,
    90.3100, 82.5900, 69.1100, 74.5200, 80.5700, 72.8100, 75.5200, 71.4400, 66.0700, 73.2500,
    77.9300, 74.9800, 83.6000, 76.5000, 68.1800, 72.4200,
  ]

#### length_min
  Points: 46
  Min: 19.0000, Max: 36.0000, Mean: 23.3261
  Data: [
    36.0000, 23.0000, 21.0000, 20.0000, 20.0000, 21.0000, 22.0000, 20.0000, 22.0000, 22.0000,
    21.0000, 23.0000, 23.0000, 25.0000, 20.0000, 24.0000, 29.0000, 19.0000, 21.0000, 23.0000,
    24.0000, 27.0000, 25.0000, 22.0000, 24.0000, 23.0000, 25.0000, 19.0000, 24.0000, 24.0000,
    24.0000, 23.0000, 25.0000, 24.0000, 25.0000, 24.0000, 25.0000, 25.0000, 25.0000, 24.0000,
    21.0000, 22.0000, 23.0000, 25.0000, 22.0000, 24.0000,
  ]

#### length_std
  Points: 46
  Min: 0.0000, Max: 81.2607, Mean: 67.1309
  Data: [
    0.0000, 63.8971, 70.3948, 65.4254, 74.1774, 77.3271, 66.0731, 77.7209, 71.0604, 78.0865,
    66.9741, 64.5107, 66.0483, 79.0746, 71.0123, 66.6793, 61.5495, 73.9622, 67.8244, 65.6738,
    74.4315, 74.5272, 72.7355, 72.5139, 61.8790, 81.2607, 77.8327, 77.9278, 72.7927, 68.5147,
    74.6656, 73.0364, 57.1627, 61.2179, 64.5037, 58.2758, 61.6775, 63.9644, 58.0031, 63.7825,
    70.4733, 68.5641, 69.6465, 60.8862, 56.1378, 64.1382,
  ]

#### reward_mean
  Points: 46
  Min: -11.8854, Max: 7.4053, Mean: 3.6707
  Data: [
    -11.8854, 2.0648, 3.7319, 0.6240, 0.8096, 1.0997, 3.0044, 3.9457, 3.4171, 3.0586,
    3.3804, 3.7911, 4.6989, 3.6774, 4.7741, 3.6258, 1.7962, 3.8660, 3.6639, 4.6528,
    3.3811, 4.9500, 3.3547, 4.4598, 2.5646, 2.3500, 2.9403, 3.8203, 4.6380, 4.1729,
    5.1479, 5.5647, 5.8700, 4.9097, 5.7012, 4.4767, 4.6548, 6.1609, 5.5470, 4.5331,
    3.1079, 5.0315, 3.3965, 6.5954, 7.4053, 6.3201,
  ]

#### reward_std
  Points: 46
  Min: 0.0000, Max: 10.1691, Mean: 8.3008
  Data: [
    0.0000, 9.9276, 9.1260, 10.1691, 9.7093, 9.6898, 9.5198, 8.2217, 8.8039, 9.0128,
    9.5606, 8.7616, 8.0748, 8.4296, 8.6340, 8.9922, 9.7802, 8.4958, 8.8081, 8.1043,
    8.7470, 7.7133, 8.7485, 8.2295, 9.5617, 9.2674, 8.7992, 8.5266, 8.2042, 8.5691,
    7.4071, 7.3196, 7.4680, 8.1687, 7.6068, 8.5792, 8.4329, 7.1537, 7.7344, 8.3003,
    9.1664, 7.8709, 9.1737, 6.8492, 5.5556, 6.8606,
  ]

#### win_rate_100
  Points: 46
  Min: 0.0000, Max: 0.9100, Mean: 0.7159
  Data: [
    0.0000, 0.6600, 0.7300, 0.5800, 0.5600, 0.5700, 0.6900, 0.7200, 0.7000, 0.6800,
    0.7100, 0.7200, 0.7600, 0.6900, 0.7800, 0.7200, 0.6300, 0.7200, 0.7200, 0.7700,
    0.7000, 0.7600, 0.6900, 0.7500, 0.6700, 0.6400, 0.6800, 0.7100, 0.7500, 0.7300,
    0.7800, 0.7900, 0.8300, 0.7800, 0.8300, 0.7700, 0.7700, 0.8400, 0.8100, 0.7600,
    0.6700, 0.7700, 0.7000, 0.8800, 0.9100, 0.8500,
  ]


### TIME
#### elapsed_hours
  Points: 46
  Min: 0.0013, Max: 10.7030, Mean: 5.3377
  Data: [
    0.0013, 0.2732, 0.4580, 0.6607, 0.8239, 1.1262, 1.4049, 1.6172, 1.8506, 2.0638,
    2.2767, 2.4851, 2.7275, 3.0754, 3.2851, 3.5063, 3.7725, 3.9983, 4.2880, 4.4567,
    4.8750, 5.1306, 5.2999, 5.4769, 5.7834, 6.0508, 6.2137, 6.4868, 6.7447, 6.8758,
    7.1718, 7.3702, 7.5873, 7.7689, 7.9927, 8.3489, 8.6156, 8.8475, 9.0444, 9.2863,
    9.4752, 9.7499, 9.9488, 10.1385, 10.3967, 10.7030,
  ]

#### episodes_per_hour
  Points: 46
  Min: 2723.5304, Max: 14217172.3052, Mean: 317560.3260
  Data: [
    14217172.3052, 69840.9636, 42055.7254, 29455.3913, 23814.7333, 17688.3794, 14371.1443, 12607.8517, 11136.7602, 10083.3599,
    9228.1127, 8534.9182, 7860.7489, 7078.7147, 6687.6795, 6325.8143, 5948.2953, 5664.9444, 5347.4634, 5180.9840,
    4816.4213, 4625.2262, 4509.4965, 4396.6322, 4215.5480, 4070.5172, 3987.9812, 3860.1282, 3751.1125, 3698.4645,
    3587.6803, 3516.8471, 3443.9296, 3385.3081, 3316.7812, 3215.9946, 3147.7950, 3091.2564, 3044.9630, 2990.4143,
    2949.8206, 2894.3859, 2855.6126, 2819.9440, 2774.9135, 2723.5304,
  ]

#### gradient_steps_per_second
  Points: 46
  Min: 16.5918, Max: 99468.1655, Mean: 2219.3571
  Data: [
    99468.1655, 486.2024, 291.7843, 203.6078, 164.1380, 121.2613, 98.0569, 85.7315, 75.4483, 68.0860,
    62.1083, 57.2589, 52.5451, 47.0773, 44.3424, 41.8121, 39.1676, 37.1894, 34.9667, 33.8029,
    31.2580, 29.9175, 29.1040, 28.3095, 27.0401, 26.0284, 25.4536, 24.5598, 23.7923, 23.4225,
    22.6419, 22.1467, 21.6363, 21.2278, 20.7501, 20.0458, 19.5646, 19.1672, 18.8432, 18.4625,
    18.1790, 17.7898, 17.5190, 17.2701, 16.9524, 16.5918,
  ]

#### steps_per_second
  Points: 46
  Min: 60.2731, Max: 308520.1094, Mean: 6892.8021
  Data: [
    308520.1094, 1517.1192, 913.9587, 640.1523, 518.0035, 384.5947, 312.5301, 274.5203, 242.6714, 219.9213,
    201.3236, 186.4126, 172.0419, 155.2981, 146.8177, 138.9869, 130.7877, 124.8573, 117.8549, 114.2215,
    106.4042, 102.3344, 99.8631, 97.4206, 93.4661, 90.3201, 88.6098, 85.9262, 83.5882, 82.4115,
    79.9565, 78.4187, 76.7606, 75.4215, 73.8719, 71.6267, 70.0720, 68.7579, 67.6597, 66.4126,
    65.4970, 64.2301, 63.3590, 62.5569, 61.4928, 60.2731,
  ]


### EVAL
#### combined_win_rate
  Points: 4
  Min: 0.8333, Max: 1.0000, Mean: 0.9583
  Data: [
    0.8333, 1.0000, 1.0000, 1.0000,
  ]

#### strong_draws
  Points: 4
  Min: 0.0000, Max: 0.0000, Mean: 0.0000
  Data: [
    0.0000, 0.0000, 0.0000, 0.0000,
  ]

#### strong_losses
  Points: 4
  Min: 0.0000, Max: 1.0000, Mean: 0.2500
  Data: [
    1.0000, 0.0000, 0.0000, 0.0000,
  ]

#### strong_mean_reward
  Points: 4
  Min: 7.5297, Max: 9.2910, Mean: 8.6978
  Data: [
    7.5297, 9.2910, 8.9500, 9.0207,
  ]

#### strong_win_rate
  Points: 4
  Min: 0.9167, Max: 1.0000, Mean: 0.9792
  Data: [
    0.9167, 1.0000, 1.0000, 1.0000,
  ]

#### strong_wins
  Points: 4
  Min: 11.0000, Max: 12.0000, Mean: 11.7500
  Data: [
    11.0000, 12.0000, 12.0000, 12.0000,
  ]

#### weak_draws
  Points: 4
  Min: 0.0000, Max: 1.0000, Mean: 0.2500
  Data: [
    1.0000, 0.0000, 0.0000, 0.0000,
  ]

#### weak_losses
  Points: 4
  Min: 0.0000, Max: 2.0000, Mean: 0.5000
  Data: [
    2.0000, 0.0000, 0.0000, 0.0000,
  ]

#### weak_mean_reward
  Points: 4
  Min: 5.1743, Max: 9.5708, Mean: 8.4083
  Data: [
    5.1743, 9.5142, 9.3739, 9.5708,
  ]

#### weak_win_rate
  Points: 4
  Min: 0.7500, Max: 1.0000, Mean: 0.9375
  Data: [
    0.7500, 1.0000, 1.0000, 1.0000,
  ]

#### weak_wins
  Points: 4
  Min: 9.0000, Max: 12.0000, Mean: 11.2500
  Data: [
    9.0000, 12.0000, 12.0000, 12.0000,
  ]


### SELFPLAY
#### active
  Points: 46
  Min: 1.0000, Max: 1.0000, Mean: 1.0000
  Data: [
    1.0000, 1.0000, 1.0000, 1.0000, 1.0000, 1.0000, 1.0000, 1.0000, 1.0000, 1.0000,
    1.0000, 1.0000, 1.0000, 1.0000, 1.0000, 1.0000, 1.0000, 1.0000, 1.0000, 1.0000,
    1.0000, 1.0000, 1.0000, 1.0000, 1.0000, 1.0000, 1.0000, 1.0000, 1.0000, 1.0000,
    1.0000, 1.0000, 1.0000, 1.0000, 1.0000, 1.0000, 1.0000, 1.0000, 1.0000, 1.0000,
    1.0000, 1.0000, 1.0000, 1.0000, 1.0000, 1.0000,
  ]

#### anchor_ratio_actual
  Points: 46
  Min: 0.0000, Max: 0.2184, Mean: 0.1945
  Data: [
    0.0000, 0.2184, 0.2132, 0.1903, 0.1823, 0.1871, 0.1889, 0.1897, 0.1882, 0.1899,
    0.1931, 0.1916, 0.1923, 0.1955, 0.1949, 0.1955, 0.1955, 0.1979, 0.1982, 0.1985,
    0.2008, 0.1998, 0.2000, 0.2011, 0.2009, 0.1998, 0.1988, 0.2001, 0.2007, 0.2001,
    0.2020, 0.2026, 0.2038, 0.2052, 0.2049, 0.2040, 0.2029, 0.2027, 0.2031, 0.2025,
    0.2027, 0.2014, 0.2008, 0.2009, 0.2019, 0.2028,
  ]

#### anchor_strong_count
  Points: 46
  Min: 0.0000, Max: 1048.0000, Mean: 515.2174
  Data: [
    0.0000, 28.0000, 47.0000, 61.0000, 73.0000, 103.0000, 129.0000, 149.0000, 168.0000, 189.0000,
    211.0000, 229.0000, 252.0000, 288.0000, 307.0000, 328.0000, 354.0000, 379.0000, 408.0000, 424.0000,
    468.0000, 491.0000, 508.0000, 529.0000, 559.0000, 581.0000, 592.0000, 622.0000, 650.0000, 661.0000,
    698.0000, 720.0000, 745.0000, 768.0000, 788.0000, 819.0000, 842.0000, 864.0000, 885.0000, 906.0000,
    925.0000, 947.0000, 963.0000, 981.0000, 1013.0000, 1048.0000,
  ]

#### anchor_weak_count
  Points: 46
  Min: 0.0000, Max: 1047.0000, Mean: 515.3478
  Data: [
    0.0000, 29.0000, 47.0000, 61.0000, 73.0000, 103.0000, 130.0000, 149.0000, 169.0000, 189.0000,
    212.0000, 229.0000, 252.0000, 289.0000, 307.0000, 329.0000, 354.0000, 379.0000, 407.0000, 424.0000,
    468.0000, 490.0000, 508.0000, 529.0000, 558.0000, 580.0000, 593.0000, 623.0000, 651.0000, 662.0000,
    698.0000, 719.0000, 745.0000, 767.0000, 788.0000, 819.0000, 842.0000, 865.0000, 886.0000, 907.0000,
    926.0000, 946.0000, 963.0000, 982.0000, 1012.0000, 1047.0000,
  ]

#### anchor_weak_ratio
  Points: 45
  Min: 0.4976, Max: 0.5079, Mean: 0.5001
  Data: [
    0.5000, 0.5079, 0.5000, 0.5000, 0.5000, 0.4976, 0.4981, 0.4984, 0.5014, 0.5000,
    0.5000, 0.4989, 0.5009, 0.5000, 0.5000, 0.4993, 0.5007, 0.5000, 0.4994, 0.5000,
    0.5000, 0.5005, 0.5000, 0.5000, 0.5004, 0.5000, 0.5000, 0.5000, 0.5000, 0.4996,
    0.5003, 0.5003, 0.5000, 0.5000, 0.5000, 0.5003, 0.5000, 0.5003, 0.5000, 0.5003,
    0.4997, 0.5003, 0.5003, 0.4998, 0.4998,
  ]

#### bootstrap_added_count
  Points: 46
  Min: 0.0000, Max: 0.0000, Mean: 0.0000
  Data: [
    0.0000, 0.0000, 0.0000, 0.0000, 0.0000, 0.0000, 0.0000, 0.0000, 0.0000, 0.0000,
    0.0000, 0.0000, 0.0000, 0.0000, 0.0000, 0.0000, 0.0000, 0.0000, 0.0000, 0.0000,
    0.0000, 0.0000, 0.0000, 0.0000, 0.0000, 0.0000, 0.0000, 0.0000, 0.0000, 0.0000,
    0.0000, 0.0000, 0.0000, 0.0000, 0.0000, 0.0000, 0.0000, 0.0000, 0.0000, 0.0000,
    0.0000, 0.0000, 0.0000, 0.0000, 0.0000, 0.0000,
  ]

#### bootstrap_attempted
  Points: 46
  Min: 0.0000, Max: 0.0000, Mean: 0.0000
  Data: [
    0.0000, 0.0000, 0.0000, 0.0000, 0.0000, 0.0000, 0.0000, 0.0000, 0.0000, 0.0000,
    0.0000, 0.0000, 0.0000, 0.0000, 0.0000, 0.0000, 0.0000, 0.0000, 0.0000, 0.0000,
    0.0000, 0.0000, 0.0000, 0.0000, 0.0000, 0.0000, 0.0000, 0.0000, 0.0000, 0.0000,
    0.0000, 0.0000, 0.0000, 0.0000, 0.0000, 0.0000, 0.0000, 0.0000, 0.0000, 0.0000,
    0.0000, 0.0000, 0.0000, 0.0000, 0.0000, 0.0000,
  ]

#### current_opponent_episode
  Points: 46
  Min: 18819.0000, Max: 27400.0000, Mean: 21445.5435
  Data: [
    18819.0000, 19000.0000, 19000.0000, 19200.0000, 19400.0000, 19000.0000, 20000.0000, 18819.0000, 20600.0000, 18819.0000,
    20600.0000, 20800.0000, 21200.0000, 20200.0000, 21200.0000, 19400.0000, 18819.0000, 20000.0000, 19600.0000, 21600.0000,
    22400.0000, 20600.0000, 21200.0000, 23000.0000, 20800.0000, 20200.0000, 24200.0000, 19600.0000, 23600.0000, 19800.0000,
    24000.0000, 18819.0000, 25400.0000, 23800.0000, 23600.0000, 19600.0000, 19800.0000, 27200.0000, 20200.0000, 20400.0000,
    27200.0000, 22000.0000, 24600.0000, 27400.0000, 24200.0000, 26800.0000,
  ]

#### current_opponent_idx
  Points: 46
  Min: 0.0000, Max: 42.0000, Mean: 13.0217
  Data: [
    0.0000, 1.0000, 1.0000, 2.0000, 3.0000, 1.0000, 6.0000, 0.0000, 9.0000, 0.0000,
    9.0000, 10.0000, 12.0000, 7.0000, 12.0000, 3.0000, 0.0000, 6.0000, 4.0000, 14.0000,
    18.0000, 9.0000, 12.0000, 21.0000, 10.0000, 7.0000, 27.0000, 4.0000, 24.0000, 5.0000,
    26.0000, 0.0000, 33.0000, 25.0000, 24.0000, 4.0000, 5.0000, 42.0000, 7.0000, 8.0000,
    42.0000, 16.0000, 28.0000, 42.0000, 24.0000, 36.0000,
  ]

#### episodes_since_activation
  Points: 46
  Min: 1.0000, Max: 10331.0000, Mean: 5137.3043
  Data: [
    1.0000, 261.0000, 441.0000, 641.0000, 801.0000, 1101.0000, 1371.0000, 1571.0000, 1791.0000, 1991.0000,
    2191.0000, 2391.0000, 2621.0000, 2951.0000, 3151.0000, 3361.0000, 3621.0000, 3831.0000, 4111.0000, 4271.0000,
    4661.0000, 4911.0000, 5081.0000, 5261.0000, 5561.0000, 5811.0000, 5961.0000, 6221.0000, 6481.0000, 6611.0000,
    6911.0000, 7101.0000, 7311.0000, 7481.0000, 7691.0000, 8031.0000, 8301.0000, 8531.0000, 8721.0000, 8951.0000,
    9131.0000, 9401.0000, 9591.0000, 9771.0000, 10031.0000, 10331.0000,
  ]

#### newest_opponent_episode
  Points: 46
  Min: 18819.0000, Max: 29000.0000, Mean: 23861.2826
  Data: [
    18819.0000, 19000.0000, 19200.0000, 19400.0000, 19600.0000, 19800.0000, 20000.0000, 20200.0000, 20600.0000, 20800.0000,
    21000.0000, 21200.0000, 21400.0000, 21600.0000, 21800.0000, 22000.0000, 22400.0000, 22600.0000, 22800.0000, 23000.0000,
    23400.0000, 23600.0000, 23800.0000, 24000.0000, 24200.0000, 24600.0000, 24600.0000, 25000.0000, 25200.0000, 25400.0000,
    25600.0000, 25800.0000, 26000.0000, 26200.0000, 26400.0000, 26800.0000, 27000.0000, 27200.0000, 27400.0000, 27600.0000,
    27800.0000, 28200.0000, 28400.0000, 28400.0000, 28800.0000, 29000.0000,
  ]

#### oldest_opponent_episode
  Points: 46
  Min: 18819.0000, Max: 19600.0000, Mean: 18856.4783
  Data: [
    18819.0000, 18819.0000, 18819.0000, 18819.0000, 18819.0000, 18819.0000, 18819.0000, 18819.0000, 18819.0000, 18819.0000,
    18819.0000, 18819.0000, 18819.0000, 18819.0000, 18819.0000, 18819.0000, 18819.0000, 18819.0000, 18819.0000, 18819.0000,
    18819.0000, 18819.0000, 18819.0000, 18819.0000, 18819.0000, 18819.0000, 18819.0000, 18819.0000, 18819.0000, 18819.0000,
    18819.0000, 18819.0000, 18819.0000, 18819.0000, 18819.0000, 18819.0000, 18819.0000, 18819.0000, 18819.0000, 18819.0000,
    18819.0000, 18819.0000, 19000.0000, 19000.0000, 19400.0000, 19600.0000,
  ]

#### pfsp_avg_winrate
  Points: 45
  Min: 0.3636, Max: 0.6904, Mean: 0.6041
  Data: [
    0.3636, 0.5908, 0.4633, 0.5397, 0.4877, 0.5410, 0.6018, 0.5866, 0.5731, 0.5770,
    0.5754, 0.5740, 0.6087, 0.6031, 0.6021, 0.6107, 0.6164, 0.6068, 0.6035, 0.5980,
    0.5938, 0.6115, 0.5851, 0.5874, 0.5818, 0.5762, 0.5806, 0.5982, 0.6037, 0.6025,
    0.6146, 0.6337, 0.6349, 0.6454, 0.6529, 0.6693, 0.6643, 0.6688, 0.6764, 0.6686,
    0.6777, 0.6752, 0.6843, 0.6822, 0.6904,
  ]

#### pfsp_max_winrate
  Points: 45
  Min: 0.3636, Max: 1.0000, Mean: 0.8379
  Data: [
    0.3636, 0.7200, 0.7200, 0.7500, 0.7000, 0.6900, 0.7400, 0.7500, 0.7600, 0.8100,
    0.8400, 0.8500, 0.8500, 0.8500, 0.8400, 0.8300, 0.8300, 0.8500, 0.8600, 0.8800,
    0.8800, 0.8800, 0.8800, 0.8900, 0.9000, 0.9000, 0.9000, 1.0000, 0.8900, 0.8800,
    0.8800, 0.8700, 0.8800, 0.8800, 0.8800, 0.8800, 0.8900, 0.8900, 0.8900, 0.8900,
    0.8900, 0.8900, 0.8900, 0.8700, 0.8500,
  ]

#### pfsp_min_winrate
  Points: 45
  Min: 0.0000, Max: 0.4615, Mean: 0.1585
  Data: [
    0.3636, 0.4615, 0.0000, 0.2800, 0.2308, 0.3922, 0.4386, 0.2941, 0.2632, 0.2857,
    0.2778, 0.1667, 0.1333, 0.2400, 0.3333, 0.3333, 0.3171, 0.0000, 0.0000, 0.0000,
    0.0000, 0.0000, 0.0000, 0.0000, 0.0000, 0.0000, 0.0000, 0.0000, 0.0000, 0.0000,
    0.0000, 0.0000, 0.0000, 0.0000, 0.2000, 0.2000, 0.1667, 0.1667, 0.2000, 0.3226,
    0.3333, 0.2857, 0.3333, 0.0000, 0.1111,
  ]

#### pfsp_num_tracked
  Points: 45
  Min: 1.0000, Max: 48.0000, Mean: 25.9333
  Data: [
    1.0000, 2.0000, 3.0000, 4.0000, 5.0000, 6.0000, 7.0000, 8.0000, 10.0000, 11.0000,
    12.0000, 13.0000, 14.0000, 15.0000, 17.0000, 18.0000, 19.0000, 20.0000, 22.0000, 23.0000,
    24.0000, 25.0000, 26.0000, 28.0000, 29.0000, 30.0000, 31.0000, 32.0000, 33.0000, 34.0000,
    36.0000, 36.0000, 38.0000, 39.0000, 40.0000, 41.0000, 43.0000, 44.0000, 45.0000, 46.0000,
    47.0000, 47.0000, 48.0000, 47.0000, 48.0000,
  ]

#### pfsp_std_winrate
  Points: 45
  Min: 0.0000, Max: 0.3283, Mean: 0.1731
  Data: [
    0.0000, 0.1292, 0.3283, 0.1971, 0.1882, 0.1222, 0.1051, 0.1423, 0.1731, 0.1516,
    0.1624, 0.1904, 0.1826, 0.1671, 0.1636, 0.1642, 0.1562, 0.2010, 0.1992, 0.2332,
    0.2350, 0.2265, 0.2534, 0.2470, 0.2432, 0.2413, 0.2362, 0.2316, 0.2036, 0.1987,
    0.1812, 0.1616, 0.1597, 0.1520, 0.1334, 0.1252, 0.1396, 0.1396, 0.1301, 0.1336,
    0.1238, 0.1345, 0.1234, 0.1448, 0.1336,
  ]

#### pool_size
  Points: 46
  Min: 1.0000, Max: 48.0000, Mean: 26.1087
  Data: [
    1.0000, 2.0000, 3.0000, 4.0000, 5.0000, 6.0000, 7.0000, 8.0000, 10.0000, 11.0000,
    12.0000, 13.0000, 14.0000, 15.0000, 16.0000, 17.0000, 19.0000, 20.0000, 21.0000, 22.0000,
    24.0000, 25.0000, 26.0000, 27.0000, 28.0000, 30.0000, 30.0000, 32.0000, 33.0000, 34.0000,
    35.0000, 36.0000, 37.0000, 38.0000, 39.0000, 41.0000, 42.0000, 43.0000, 44.0000, 45.0000,
    46.0000, 48.0000, 48.0000, 48.0000, 48.0000, 48.0000,
  ]

#### selfplay_count
  Points: 46
  Min: 1.0000, Max: 8236.0000, Mean: 4106.7391
  Data: [
    1.0000, 204.0000, 347.0000, 519.0000, 655.0000, 895.0000, 1112.0000, 1273.0000, 1454.0000, 1613.0000,
    1768.0000, 1933.0000, 2117.0000, 2374.0000, 2537.0000, 2704.0000, 2913.0000, 3073.0000, 3296.0000, 3423.0000,
    3725.0000, 3930.0000, 4065.0000, 4203.0000, 4444.0000, 4650.0000, 4776.0000, 4976.0000, 5180.0000, 5288.0000,
    5515.0000, 5662.0000, 5821.0000, 5946.0000, 6115.0000, 6393.0000, 6617.0000, 6802.0000, 6950.0000, 7138.0000,
    7280.0000, 7508.0000, 7665.0000, 7808.0000, 8006.0000, 8236.0000,
  ]

#### selfplay_ratio_actual
  Points: 46
  Min: 0.7816, Max: 1.0000, Mean: 0.8055
  Data: [
    1.0000, 0.7816, 0.7868, 0.8097, 0.8177, 0.8129, 0.8111, 0.8103, 0.8118, 0.8101,
    0.8069, 0.8084, 0.8077, 0.8045, 0.8051, 0.8045, 0.8045, 0.8021, 0.8018, 0.8015,
    0.7992, 0.8002, 0.8000, 0.7989, 0.7991, 0.8002, 0.8012, 0.7999, 0.7993, 0.7999,
    0.7980, 0.7974, 0.7962, 0.7948, 0.7951, 0.7960, 0.7971, 0.7973, 0.7969, 0.7975,
    0.7973, 0.7986, 0.7992, 0.7991, 0.7981, 0.7972,
  ]

#### weak_ratio_target
  Points: 46
  Min: 0.2000, Max: 0.2000, Mean: 0.2000
  Data: [
    0.2000, 0.2000, 0.2000, 0.2000, 0.2000, 0.2000, 0.2000, 0.2000, 0.2000, 0.2000,
    0.2000, 0.2000, 0.2000, 0.2000, 0.2000, 0.2000, 0.2000, 0.2000, 0.2000, 0.2000,
    0.2000, 0.2000, 0.2000, 0.2000, 0.2000, 0.2000, 0.2000, 0.2000, 0.2000, 0.2000,
    0.2000, 0.2000, 0.2000, 0.2000, 0.2000, 0.2000, 0.2000, 0.2000, 0.2000, 0.2000,
    0.2000, 0.2000, 0.2000, 0.2000, 0.2000, 0.2000,
  ]

#### winrate_middle_third
  Points: 45
  Min: 0.4516, Max: 0.8550, Mean: 0.7101
  Data: [
    0.4516, 0.6330, 0.6609, 0.6550, 0.6450, 0.6000, 0.6250, 0.6000, 0.5950, 0.6550,
    0.6600, 0.6900, 0.6950, 0.6850, 0.6850, 0.6800, 0.6700, 0.6950, 0.7150, 0.7450,
    0.6950, 0.6500, 0.6200, 0.6350, 0.6450, 0.6300, 0.6450, 0.6950, 0.7100, 0.7450,
    0.7600, 0.7800, 0.7950, 0.8100, 0.8450, 0.8350, 0.8250, 0.8550, 0.8500, 0.8550,
    0.7900, 0.7850, 0.7750, 0.8350, 0.8500,
  ]

#### winrate_newest_third
  Points: 44
  Min: 0.0000, Max: 0.7250, Mean: 0.5171
  Data: [
    0.0000, 0.2000, 0.3019, 0.3000, 0.3846, 0.4300, 0.4450, 0.5000, 0.4850, 0.4750,
    0.4600, 0.4900, 0.5000, 0.5350, 0.5350, 0.4900, 0.4900, 0.4900, 0.4850, 0.4600,
    0.4850, 0.5350, 0.5200, 0.4950, 0.4850, 0.4800, 0.5250, 0.5750, 0.5850, 0.6000,
    0.6300, 0.6650, 0.6650, 0.5700, 0.6050, 0.6300, 0.6550, 0.6550, 0.6100, 0.6300,
    0.6150, 0.6750, 0.6800, 0.7250,
  ]

#### winrate_oldest_third
  Points: 45
  Min: 0.3636, Max: 0.8650, Mean: 0.7716
  Data: [
    0.3636, 0.6575, 0.7100, 0.7150, 0.7150, 0.6800, 0.7050, 0.7550, 0.7800, 0.7500,
    0.7750, 0.7850, 0.8150, 0.8000, 0.7850, 0.8050, 0.8350, 0.8450, 0.8550, 0.8650,
    0.8350, 0.8600, 0.8400, 0.8100, 0.7950, 0.7450, 0.7450, 0.7600, 0.7450, 0.7250,
    0.7150, 0.7200, 0.7350, 0.7850, 0.8050, 0.8250, 0.7950, 0.7700, 0.7800, 0.7700,
    0.7900, 0.8200, 0.8250, 0.8650, 0.8650,
  ]

#### winrate_vs_pool_overall
  Points: 45
  Min: 0.3636, Max: 0.8040, Mean: 0.6724
  Data: [
    0.3636, 0.6227, 0.6517, 0.6460, 0.6140, 0.5800, 0.6100, 0.6260, 0.6340, 0.6300,
    0.6380, 0.6480, 0.6560, 0.6480, 0.6640, 0.6740, 0.6580, 0.6540, 0.6600, 0.6980,
    0.6600, 0.6700, 0.6460, 0.6520, 0.6240, 0.6080, 0.6280, 0.6520, 0.6820, 0.6760,
    0.6920, 0.7020, 0.7440, 0.7540, 0.7540, 0.7340, 0.7300, 0.7500, 0.7580, 0.7320,
    0.7400, 0.7320, 0.7620, 0.7940, 0.8040,
  ]


### WORLD
#### continue_actual_mean
  Points: 46
  Min: 0.9788, Max: 0.9940, Mean: 0.9889
  Data: [
    0.9788, 0.9879, 0.9909, 0.9849, 0.9849, 0.9929, 0.9899, 0.9869, 0.9899, 0.9899,
    0.9859, 0.9929, 0.9940, 0.9869, 0.9889, 0.9909, 0.9869, 0.9909, 0.9899, 0.9899,
    0.9899, 0.9889, 0.9929, 0.9889, 0.9919, 0.9909, 0.9879, 0.9859, 0.9879, 0.9879,
    0.9889, 0.9869, 0.9849, 0.9909, 0.9899, 0.9889, 0.9849, 0.9919, 0.9899, 0.9869,
    0.9919, 0.9869, 0.9929, 0.9869, 0.9899, 0.9889,
  ]

#### continue_loss
  Points: 46
  Min: 0.0002, Max: 0.0200, Mean: 0.0033
  Data: [
    0.0200, 0.0002, 0.0003, 0.0003, 0.0022, 0.0005, 0.0012, 0.0024, 0.0004, 0.0082,
    0.0063, 0.0004, 0.0002, 0.0006, 0.0034, 0.0111, 0.0011, 0.0008, 0.0045, 0.0015,
    0.0020, 0.0014, 0.0013, 0.0005, 0.0013, 0.0097, 0.0008, 0.0012, 0.0110, 0.0006,
    0.0016, 0.0011, 0.0020, 0.0013, 0.0054, 0.0039, 0.0034, 0.0021, 0.0035, 0.0024,
    0.0089, 0.0034, 0.0006, 0.0063, 0.0092, 0.0006,
  ]

#### continue_pred_mean
  Points: 46
  Min: 0.9764, Max: 0.9938, Mean: 0.9890
  Data: [
    0.9764, 0.9879, 0.9911, 0.9846, 0.9839, 0.9930, 0.9890, 0.9868, 0.9899, 0.9915,
    0.9873, 0.9926, 0.9938, 0.9869, 0.9901, 0.9909, 0.9874, 0.9903, 0.9889, 0.9902,
    0.9904, 0.9880, 0.9930, 0.9890, 0.9923, 0.9932, 0.9880, 0.9864, 0.9872, 0.9877,
    0.9883, 0.9869, 0.9836, 0.9911, 0.9897, 0.9899, 0.9858, 0.9909, 0.9909, 0.9858,
    0.9920, 0.9888, 0.9931, 0.9887, 0.9920, 0.9889,
  ]

#### kl_loss
  Points: 46
  Min: 3.4404, Max: 4.4530, Mean: 3.9899
  Data: [
    3.4404, 4.0843, 3.6522, 3.6410, 4.1460, 4.2275, 4.2317, 4.0714, 4.0195, 4.0062,
    3.8345, 3.8879, 4.1645, 3.8858, 4.0446, 4.4530, 4.0624, 4.1611, 4.0376, 4.1997,
    4.0979, 4.0480, 4.0231, 3.7247, 3.8539, 4.1409, 3.7038, 3.9223, 4.1863, 4.2582,
    3.8923, 3.7655, 4.1489, 4.2334, 3.7809, 3.9647, 3.8881, 3.7997, 3.9360, 3.9417,
    3.8255, 4.1580, 3.8774, 4.1232, 4.0852, 3.9052,
  ]

#### latent_entropy
  Points: 46
  Min: 1.3728, Max: 1.5353, Mean: 1.4809
  Data: [
    1.3728, 1.4002, 1.4113, 1.4034, 1.3998, 1.4323, 1.4376, 1.4033, 1.4428, 1.4713,
    1.4423, 1.4766, 1.4931, 1.4763, 1.4671, 1.4775, 1.4779, 1.4972, 1.5002, 1.4750,
    1.4877, 1.4829, 1.5250, 1.5121, 1.5069, 1.5008, 1.5170, 1.5007, 1.5113, 1.5317,
    1.5047, 1.5041, 1.4928, 1.5191, 1.4881, 1.5132, 1.4736, 1.5236, 1.5073, 1.5030,
    1.5159, 1.4949, 1.5306, 1.4992, 1.4836, 1.5353,
  ]

#### loss
  Points: 46
  Min: 20.7679, Max: 21.6699, Mean: 21.1829
  Data: [
    21.5716, 21.2830, 20.7679, 20.7914, 21.3433, 21.3784, 21.4363, 21.2659, 21.2134, 21.1966,
    21.0325, 21.0476, 21.3013, 21.0663, 21.2141, 21.6699, 21.2577, 21.3144, 21.2099, 21.4037,
    21.2708, 21.2260, 21.1895, 20.8728, 21.0101, 21.2860, 20.8546, 21.1280, 21.3998, 21.4290,
    21.0832, 20.9448, 21.3406, 21.4028, 20.9278, 21.1397, 21.0450, 20.9525, 21.0892, 21.0964,
    20.9633, 21.3166, 21.0012, 21.3355, 21.2762, 21.0687,
  ]

#### prior_posterior_kl
  Points: 46
  Min: 0.2574, Max: 0.3153, Mean: 0.2889
  Data: [
    0.2574, 0.2943, 0.2696, 0.2688, 0.2976, 0.3025, 0.3027, 0.2936, 0.2907, 0.2899,
    0.2800, 0.2831, 0.2989, 0.2830, 0.2921, 0.3153, 0.2930, 0.2987, 0.2916, 0.3008,
    0.2951, 0.2922, 0.2909, 0.2738, 0.2812, 0.2974, 0.2728, 0.2850, 0.3002, 0.3042,
    0.2833, 0.2761, 0.2979, 0.3028, 0.2770, 0.2875, 0.2830, 0.2780, 0.2858, 0.2861,
    0.2797, 0.2984, 0.2825, 0.2965, 0.2942, 0.2840,
  ]

#### recon_error_max
  Points: 46
  Min: 0.3418, Max: 1.0736, Mean: 0.6178
  Data: [
    0.8685, 1.0661, 0.5030, 0.5130, 0.4697, 0.3418, 0.5018, 0.6607, 0.4895, 0.8610,
    1.0736, 0.9159, 0.5713, 0.3524, 0.7942, 0.4706, 1.0283, 0.4371, 0.3534, 1.0539,
    1.0088, 0.4649, 0.5759, 0.4356, 0.5136, 0.5358, 0.3715, 0.4483, 0.7095, 0.6615,
    0.4018, 0.5448, 0.8946, 0.5387, 0.6788, 0.9192, 0.7109, 0.5600, 0.4618, 0.7211,
    0.6388, 0.4317, 0.4349, 0.5101, 0.4210, 0.5009,
  ]

#### recon_error_mean
  Points: 46
  Min: 0.0292, Max: 0.0358, Mean: 0.0324
  Data: [
    0.0301, 0.0340, 0.0294, 0.0295, 0.0315, 0.0345, 0.0335, 0.0324, 0.0343, 0.0356,
    0.0346, 0.0337, 0.0347, 0.0319, 0.0306, 0.0358, 0.0330, 0.0350, 0.0332, 0.0354,
    0.0355, 0.0315, 0.0356, 0.0292, 0.0339, 0.0329, 0.0295, 0.0316, 0.0333, 0.0330,
    0.0318, 0.0303, 0.0330, 0.0329, 0.0304, 0.0315, 0.0316, 0.0311, 0.0302, 0.0293,
    0.0324, 0.0298, 0.0323, 0.0332, 0.0313, 0.0301,
  ]

#### recon_error_std
  Points: 46
  Min: 0.0343, Max: 0.0644, Mean: 0.0457
  Data: [
    0.0548, 0.0546, 0.0358, 0.0387, 0.0413, 0.0397, 0.0430, 0.0471, 0.0445, 0.0600,
    0.0644, 0.0584, 0.0454, 0.0409, 0.0472, 0.0454, 0.0515, 0.0425, 0.0406, 0.0543,
    0.0567, 0.0406, 0.0483, 0.0411, 0.0482, 0.0438, 0.0343, 0.0381, 0.0484, 0.0520,
    0.0388, 0.0436, 0.0529, 0.0440, 0.0448, 0.0474, 0.0479, 0.0422, 0.0398, 0.0417,
    0.0455, 0.0418, 0.0421, 0.0435, 0.0469, 0.0398,
  ]

#### recon_loss
  Points: 46
  Min: 16.8039, Max: 16.8627, Mean: 16.8324
  Data: [
    16.8120, 16.8470, 16.8055, 16.8061, 16.8243, 16.8518, 16.8428, 16.8320, 16.8492, 16.8612,
    16.8521, 16.8444, 16.8536, 16.8282, 16.8163, 16.8627, 16.8381, 16.8557, 16.8399, 16.8591,
    16.8606, 16.8248, 16.8610, 16.8039, 16.8457, 16.8374, 16.8064, 16.8256, 16.8405, 16.8377,
    16.8268, 16.8133, 16.8378, 16.8366, 16.8149, 16.8246, 16.8257, 16.8209, 16.8129, 16.8049,
    16.8322, 16.8094, 16.8314, 16.8396, 16.8224, 16.8119,
  ]

#### reward_actual_mean
  Points: 46
  Min: -0.0341, Max: 0.2046, Mean: 0.0450
  Data: [
    0.2046, 0.0132, 0.0476, 0.0838, 0.0193, 0.0157, 0.0208, 0.0100, 0.0120, 0.0452,
    0.0949, 0.0350, 0.0240, 0.0532, 0.0329, 0.0006, 0.0815, 0.0698, 0.0585, 0.0129,
    0.0687, 0.0320, -0.0341, 0.0978, 0.0152, 0.0135, 0.0668, -0.0004, 0.0335, 0.0874,
    0.0032, 0.0483, 0.0754, 0.0449, 0.0575, 0.0453, 0.0800, 0.0238, 0.0547, 0.0652,
    0.0561, 0.0862, 0.0201, -0.0055, 0.0466, 0.0528,
  ]

#### reward_loss
  Points: 46
  Min: 0.2831, Max: 1.2992, Mean: 0.3573
  Data: [
    1.2992, 0.3515, 0.3100, 0.3439, 0.3708, 0.2985, 0.3606, 0.3600, 0.3442, 0.3209,
    0.3396, 0.3150, 0.2831, 0.3517, 0.3497, 0.3431, 0.3561, 0.2969, 0.3279, 0.3435,
    0.3103, 0.3518, 0.3041, 0.3436, 0.3092, 0.2981, 0.3437, 0.3790, 0.3621, 0.3325,
    0.3626, 0.3648, 0.3518, 0.3315, 0.3265, 0.3466, 0.3279, 0.3298, 0.3369, 0.3474,
    0.2966, 0.3458, 0.2918, 0.3664, 0.3595, 0.3510,
  ]

#### reward_pred_error_mean
  Points: 46
  Min: 0.0042, Max: 0.2383, Mean: 0.0214
  Data: [
    0.2383, 0.0098, 0.0064, 0.0087, 0.0182, 0.0072, 0.0142, 0.0243, 0.0153, 0.0067,
    0.0202, 0.0261, 0.0042, 0.0058, 0.0210, 0.0146, 0.0150, 0.0231, 0.0257, 0.0087,
    0.0055, 0.0193, 0.0235, 0.0090, 0.0045, 0.0234, 0.0179, 0.0304, 0.0487, 0.0044,
    0.0284, 0.0156, 0.0320, 0.0191, 0.0157, 0.0144, 0.0131, 0.0143, 0.0125, 0.0226,
    0.0140, 0.0190, 0.0139, 0.0186, 0.0139, 0.0160,
  ]

#### reward_pred_error_std
  Points: 46
  Min: 0.0131, Max: 1.3142, Mean: 0.2872
  Data: [
    1.3142, 0.0954, 0.0856, 0.1287, 0.3321, 0.0523, 0.2587, 0.3582, 0.3161, 0.0582,
    0.3251, 0.4129, 0.0143, 0.0660, 0.3168, 0.3143, 0.2543, 0.3490, 0.4450, 0.1078,
    0.0266, 0.3236, 0.3735, 0.1196, 0.0131, 0.4131, 0.3245, 0.4209, 0.6173, 0.0264,
    0.4071, 0.2902, 0.4515, 0.3313, 0.3229, 0.2299, 0.2849, 0.3167, 0.1798, 0.4285,
    0.2975, 0.3265, 0.2430, 0.3069, 0.2116, 0.3188,
  ]

#### reward_pred_mean
  Points: 46
  Min: -0.0501, Max: 0.1120, Mean: 0.0491
  Data: [
    0.0546, 0.0125, 0.0512, 0.0887, 0.0126, 0.0203, 0.0303, 0.0150, 0.0214, 0.0428,
    0.1120, 0.0431, 0.0233, 0.0560, 0.0386, 0.0122, 0.0750, 0.0878, 0.0780, 0.0174,
    0.0700, 0.0462, -0.0501, 0.1000, 0.0150, 0.0327, 0.0726, 0.0236, 0.0591, 0.0872,
    0.0106, 0.0555, 0.1015, 0.0593, 0.0706, 0.0551, 0.0904, 0.0341, 0.0610, 0.0850,
    0.0673, 0.1003, 0.0304, -0.0200, 0.0432, 0.0640,
  ]


### BEHAVIOR
#### actor_loss
  Points: 46
  Min: -0.3353, Max: 0.0146, Mean: -0.0098
  Data: [
    -0.3353, 0.0004, -0.0093, -0.0062, 0.0037, -0.0015, -0.0081, -0.0116, -0.0056, -0.0089,
    0.0078, -0.0074, 0.0036, 0.0070, 0.0126, -0.0084, 0.0012, 0.0093, -0.0115, 0.0128,
    -0.0080, -0.0180, -0.0074, -0.0022, -0.0052, 0.0120, -0.0218, 0.0024, 0.0100, 0.0079,
    0.0028, 0.0146, -0.0065, -0.0049, -0.0029, -0.0145, -0.0119, -0.0240, 0.0043, 0.0025,
    0.0046, 0.0001, 0.0115, -0.0007, -0.0349, -0.0029,
  ]

#### actor_mean_abs
  Points: 46
  Min: 0.3436, Max: 0.4674, Mean: 0.4061
  Data: [
    0.4004, 0.3831, 0.3788, 0.3931, 0.4178, 0.3855, 0.3845, 0.4178, 0.4191, 0.3552,
    0.3774, 0.4101, 0.3557, 0.3855, 0.3991, 0.3856, 0.4023, 0.3436, 0.4077, 0.4010,
    0.3847, 0.4383, 0.3890, 0.4450, 0.4337, 0.4233, 0.4674, 0.4619, 0.4051, 0.4094,
    0.4260, 0.4098, 0.4003, 0.3954, 0.4112, 0.4250, 0.4233, 0.3775, 0.4048, 0.3898,
    0.4162, 0.4483, 0.4263, 0.4479, 0.4424, 0.3771,
  ]

#### advantages_abs_mean
  Points: 46
  Min: 0.0734, Max: 0.7378, Mean: 0.1202
  Data: [
    0.7378, 0.1123, 0.1129, 0.0931, 0.1101, 0.1083, 0.0807, 0.1194, 0.1243, 0.0831,
    0.0872, 0.0986, 0.0734, 0.0913, 0.1093, 0.0814, 0.0975, 0.0766, 0.1062, 0.0911,
    0.0748, 0.0847, 0.0927, 0.0981, 0.0942, 0.0985, 0.1230, 0.1382, 0.1063, 0.1099,
    0.1215, 0.1149, 0.1054, 0.1158, 0.1159, 0.1309, 0.1234, 0.1168, 0.1084, 0.0965,
    0.1094, 0.1836, 0.1014, 0.1274, 0.1417, 0.1000,
  ]

#### advantages_max
  Points: 46
  Min: 0.9267, Max: 8.0363, Mean: 1.8867
  Data: [
    8.0363, 1.3964, 1.7171, 1.2206, 1.0722, 1.4013, 1.3514, 1.3256, 1.4103, 1.6873,
    1.0741, 1.8815, 1.1632, 1.3160, 1.8860, 1.2142, 1.7869, 1.1762, 1.6397, 1.1459,
    0.9267, 1.2442, 1.4996, 1.1837, 1.9148, 1.3624, 2.5445, 1.7849, 2.0640, 1.5647,
    2.6428, 2.1626, 1.7257, 3.5012, 1.9263, 1.9390, 2.3704, 2.3044, 1.7578, 1.7833,
    1.8252, 3.3380, 2.1278, 1.5900, 2.9573, 1.8455,
  ]

#### advantages_mean
  Points: 46
  Min: -0.3531, Max: 0.0341, Mean: 0.0055
  Data: [
    -0.3531, 0.0218, 0.0341, 0.0149, 0.0160, 0.0116, 0.0097, 0.0026, 0.0110, 0.0095,
    0.0089, 0.0159, 0.0094, 0.0210, -0.0025, 0.0264, 0.0144, 0.0092, 0.0261, 0.0103,
    0.0106, 0.0112, 0.0200, 0.0142, 0.0064, 0.0151, 0.0202, 0.0253, 0.0063, 0.0053,
    0.0253, -0.0054, 0.0066, 0.0301, 0.0148, 0.0274, 0.0141, 0.0139, -0.0051, -0.0045,
    0.0234, 0.0143, 0.0000, 0.0098, 0.0297, 0.0054,
  ]

#### advantages_min
  Points: 46
  Min: -6.3690, Max: -1.0440, Mean: -2.1963
  Data: [
    -6.3690, -1.9193, -1.9442, -1.4796, -1.4698, -1.3223, -1.6617, -2.0213, -1.8119, -1.6664,
    -1.2958, -1.4884, -1.4913, -1.0440, -1.7964, -1.4663, -1.8707, -1.5228, -1.4260, -1.5705,
    -1.5440, -2.7861, -1.6817, -1.6756, -1.6477, -2.0107, -1.9492, -2.1779, -2.4060, -2.3407,
    -2.4105, -3.4879, -2.3693, -2.5166, -2.0500, -2.5601, -2.2936, -3.5521, -2.6501, -3.1556,
    -2.6003, -2.5852, -2.9888, -2.9114, -3.1270, -2.9124,
  ]

#### advantages_std
  Points: 46
  Min: 0.1320, Max: 1.1671, Mean: 0.2211
  Data: [
    1.1671, 0.1984, 0.2041, 0.1626, 0.1813, 0.1869, 0.1434, 0.2097, 0.2310, 0.1520,
    0.1465, 0.1866, 0.1320, 0.1505, 0.2005, 0.1462, 0.1827, 0.1413, 0.1692, 0.1611,
    0.1421, 0.1709, 0.1789, 0.1703, 0.1750, 0.1786, 0.2235, 0.2434, 0.2160, 0.2116,
    0.2219, 0.2798, 0.2125, 0.2317, 0.2127, 0.2405, 0.2388, 0.2327, 0.2201, 0.2310,
    0.2122, 0.3161, 0.2002, 0.2431, 0.2941, 0.2195,
  ]

#### critic_loss
  Points: 46
  Min: 0.9403, Max: 1.7162, Mean: 1.2713
  Data: [
    1.4057, 1.4253, 1.3845, 1.4788, 1.6379, 1.7162, 1.3349, 1.5587, 1.5529, 1.3890,
    1.4660, 1.4156, 1.2926, 1.4012, 1.5035, 1.2744, 1.4220, 1.3788, 1.4812, 1.4469,
    1.3135, 1.2173, 1.2852, 1.3169, 1.2610, 1.2880, 1.3841, 1.2342, 1.0916, 1.0652,
    1.1398, 0.9441, 1.0841, 1.0174, 1.0945, 1.2057, 1.1089, 1.0901, 1.1277, 0.9802,
    0.9558, 1.2345, 0.9403, 1.1094, 1.0547, 0.9685,
  ]

#### entropy_max
  Points: 46
  Min: 7.1481, Max: 7.6704, Mean: 7.6016
  Data: [
    7.6702, 7.6599, 7.6671, 7.6566, 7.6582, 7.6659, 7.6464, 7.6034, 7.4837, 7.6539,
    7.5700, 7.5829, 7.5943, 7.5106, 7.6639, 7.5738, 7.6351, 7.6231, 7.6303, 7.5705,
    7.6112, 7.5983, 7.6239, 7.5663, 7.6220, 7.5907, 7.6062, 7.5035, 7.6324, 7.4720,
    7.5972, 7.4476, 7.5613, 7.1481, 7.5497, 7.6088, 7.6576, 7.6602, 7.6549, 7.6397,
    7.6661, 7.6695, 7.6704, 7.6650, 7.6681, 7.6652,
  ]

#### entropy_mean
  Points: 46
  Min: 2.6117, Max: 3.7861, Mean: 3.0926
  Data: [
    3.7861, 3.2850, 3.1292, 3.0903, 3.1238, 3.5880, 3.4491, 3.0085, 3.0463, 3.7371,
    3.2748, 2.8958, 3.2808, 2.9903, 3.3427, 3.1785, 3.2490, 3.3981, 3.3088, 3.2891,
    3.3089, 3.0531, 3.1924, 3.0119, 2.7647, 3.1103, 2.8679, 2.6117, 3.0404, 2.9063,
    2.8263, 2.8869, 2.8890, 3.1066, 2.8302, 2.7714, 2.8101, 2.9635, 3.1349, 2.9979,
    2.7920, 2.9087, 2.9977, 2.7908, 2.8259, 3.4067,
  ]

#### entropy_min
  Points: 46
  Min: 1.6758, Max: 1.6758, Mean: 1.6758
  Data: [
    1.6758, 1.6758, 1.6758, 1.6758, 1.6758, 1.6758, 1.6758, 1.6758, 1.6758, 1.6758,
    1.6758, 1.6758, 1.6758, 1.6758, 1.6758, 1.6758, 1.6758, 1.6758, 1.6758, 1.6758,
    1.6758, 1.6758, 1.6758, 1.6758, 1.6758, 1.6758, 1.6758, 1.6758, 1.6758, 1.6758,
    1.6758, 1.6758, 1.6758, 1.6758, 1.6758, 1.6758, 1.6758, 1.6758, 1.6758, 1.6758,
    1.6758, 1.6758, 1.6758, 1.6758, 1.6758, 1.6758,
  ]

#### entropy_std
  Points: 46
  Min: 1.1987, Max: 2.2205, Mean: 1.5354
  Data: [
    2.2205, 1.8276, 1.8083, 1.6324, 1.6920, 1.9094, 1.8082, 1.5304, 1.4558, 1.9055,
    1.6367, 1.5520, 1.5730, 1.5937, 1.6916, 1.6934, 1.8215, 1.7568, 1.7587, 1.6102,
    1.7641, 1.5562, 1.5015, 1.4747, 1.3032, 1.5397, 1.3682, 1.2830, 1.3971, 1.3290,
    1.3254, 1.3313, 1.2631, 1.3463, 1.1987, 1.3351, 1.3372, 1.4421, 1.3686, 1.3243,
    1.3421, 1.3578, 1.4648, 1.2652, 1.3758, 1.5545,
  ]

#### logprobs_mean
  Points: 46
  Min: -0.8072, Max: -0.1768, Mean: -0.4805
  Data: [
    -0.6654, -0.6445, -0.6070, -0.5865, -0.5214, -0.6519, -0.5941, -0.4203, -0.4557, -0.7896,
    -0.6477, -0.4463, -0.7154, -0.5592, -0.5460, -0.5964, -0.5243, -0.8072, -0.4680, -0.4854,
    -0.5817, -0.3215, -0.5549, -0.3279, -0.3073, -0.3912, -0.2003, -0.1768, -0.4949, -0.4174,
    -0.3832, -0.4162, -0.4512, -0.4602, -0.4166, -0.3541, -0.3748, -0.5821, -0.5152, -0.5386,
    -0.3723, -0.2491, -0.3580, -0.2602, -0.2550, -0.6105,
  ]

#### logprobs_std
  Points: 46
  Min: 1.6783, Max: 1.9534, Mean: 1.7923
  Data: [
    1.8217, 1.7512, 1.7535, 1.7152, 1.8098, 1.8346, 1.8274, 1.7790, 1.7584, 1.7190,
    1.7393, 1.7680, 1.6795, 1.7043, 1.7875, 1.7443, 1.8333, 1.6783, 1.8868, 1.8605,
    1.8048, 1.8985, 1.7455, 1.8706, 1.7510, 1.8762, 1.9534, 1.8320, 1.7509, 1.8146,
    1.7901, 1.8281, 1.7352, 1.8432, 1.8029, 1.7575, 1.8137, 1.6786, 1.7485, 1.7166,
    1.7381, 1.8942, 1.8622, 1.8168, 1.8634, 1.8081,
  ]

#### mean_reg_loss
  Points: 46
  Min: 0.0023, Max: 0.0040, Mean: 0.0031
  Data: [
    0.0028, 0.0028, 0.0028, 0.0029, 0.0031, 0.0028, 0.0029, 0.0032, 0.0032, 0.0024,
    0.0027, 0.0031, 0.0024, 0.0028, 0.0030, 0.0028, 0.0030, 0.0023, 0.0033, 0.0032,
    0.0028, 0.0036, 0.0029, 0.0036, 0.0034, 0.0034, 0.0040, 0.0038, 0.0031, 0.0033,
    0.0034, 0.0032, 0.0030, 0.0031, 0.0032, 0.0033, 0.0033, 0.0027, 0.0030, 0.0029,
    0.0032, 0.0037, 0.0035, 0.0036, 0.0037, 0.0028,
  ]


### VALUES
#### critic_slow_diff
  Points: 46
  Min: 0.0787, Max: 1.0372, Mean: 0.3163
  Data: [
    0.1599, 1.0372, 0.2246, 0.2724, 0.2855, 0.2140, 0.3645, 0.2073, 0.5041, 0.2655,
    0.2218, 0.2503, 0.1640, 0.2539, 0.6725, 0.2882, 0.1297, 0.2752, 0.7053, 0.3233,
    0.1419, 0.2827, 0.2008, 0.3541, 0.2600, 0.3295, 0.3396, 0.4683, 0.2245, 0.2983,
    0.2533, 0.2920, 0.2014, 0.2269, 0.5404, 0.3837, 0.0787, 0.4932, 0.2559, 0.2705,
    0.2406, 0.5194, 0.1824, 0.3013, 0.3904, 0.2003,
  ]

#### lambda_returns_max
  Points: 46
  Min: 5.0849, Max: 35.4102, Mean: 22.5086
  Data: [
    5.0849, 16.5155, 19.9131, 17.8455, 19.8701, 19.7200, 21.0202, 19.0935, 26.2831, 22.3545,
    19.3108, 27.8604, 18.2596, 18.3467, 28.6984, 18.3851, 22.7791, 19.4017, 21.9437, 20.4723,
    18.8893, 21.2559, 23.3051, 19.7922, 28.8921, 19.6877, 34.2842, 28.7797, 19.3602, 21.0648,
    29.2495, 24.1554, 24.9501, 34.9146, 18.2057, 22.8113, 21.0719, 18.4699, 18.3564, 26.5194,
    23.8894, 35.4102, 22.3252, 22.3944, 28.0666, 26.1350,
  ]

#### lambda_returns_mean
  Points: 46
  Min: 2.9031, Max: 9.8211, Mean: 7.0587
  Data: [
    2.9031, 5.5912, 6.5259, 5.7447, 5.5257, 4.6277, 6.0790, 5.3417, 5.9757, 5.4975,
    6.3370, 5.9398, 5.7462, 5.8957, 6.7180, 5.9812, 5.7323, 5.8225, 7.1236, 5.9941,
    5.8254, 6.7019, 6.2447, 7.1555, 7.4016, 6.9966, 6.6840, 8.5538, 7.8117, 8.6661,
    8.1997, 7.9403, 7.5187, 8.4417, 8.7315, 7.7632, 8.8339, 7.9372, 8.3661, 8.8661,
    9.3974, 9.8211, 9.5104, 8.1968, 9.2215, 8.8100,
  ]

#### lambda_returns_min
  Points: 46
  Min: -28.4542, Max: -0.4743, Mean: -16.2543
  Data: [
    -0.4743, -20.0174, -14.2044, -10.5203, -16.6301, -16.6472, -14.7371, -19.1439, -18.7746, -17.1044,
    -13.1563, -18.1412, -14.3301, -14.3907, -17.7889, -17.2251, -18.9311, -16.3583, -17.2754, -16.8126,
    -13.5025, -28.4542, -14.7172, -18.2010, -10.6569, -13.7486, -18.5836, -18.4797, -19.9158, -14.9976,
    -11.9519, -20.0435, -20.0003, -12.1870, -13.8640, -17.3315, -16.5999, -19.8291, -16.9935, -17.4783,
    -19.8142, -13.1239, -10.6436, -19.4483, -18.4398, -16.0289,
  ]

#### lambda_returns_std
  Points: 46
  Min: 0.8144, Max: 4.5245, Mean: 3.3224
  Data: [
    0.8144, 2.9237, 3.5676, 3.6822, 4.3253, 4.3637, 3.2968, 4.3626, 4.1083, 3.0155,
    3.5285, 3.8284, 2.4348, 3.2040, 4.5245, 3.4099, 4.1333, 3.6108, 4.1508, 3.6785,
    3.6464, 3.1289, 3.4988, 4.0754, 2.9585, 2.9544, 3.9146, 3.5536, 3.6576, 2.7125,
    2.7971, 3.9012, 3.5613, 2.7070, 2.7855, 3.6051, 2.7947, 2.8625, 2.9923, 2.7709,
    2.3164, 3.5322, 2.2841, 2.8460, 3.0316, 2.9802,
  ]

#### max
  Points: 46
  Min: 5.1017, Max: 21.5213, Mean: 16.7754
  Data: [
    5.1017, 13.3476, 16.7307, 14.8345, 16.4179, 16.5699, 16.1706, 14.1490, 16.7560, 15.6038,
    15.8491, 16.3082, 14.8892, 15.3886, 16.4721, 15.6535, 15.8892, 16.7502, 17.4937, 16.5322,
    15.1048, 19.3358, 17.5071, 16.7421, 17.4333, 16.6986, 18.9969, 17.9362, 16.3812, 18.3546,
    16.7446, 16.0412, 16.4525, 20.6177, 17.2751, 17.0741, 19.5301, 16.5097, 16.7263, 18.1383,
    20.3367, 21.5213, 18.4618, 18.4013, 18.6122, 17.8289,
  ]

#### mean
  Points: 46
  Min: 3.0524, Max: 9.7247, Mean: 6.9553
  Data: [
    3.0524, 5.4361, 6.2317, 5.5817, 5.3757, 4.5096, 5.9840, 5.3441, 5.8841, 5.4081,
    6.2250, 5.7858, 5.6559, 5.6779, 6.7561, 5.7197, 5.5876, 5.7246, 6.8478, 5.8905,
    5.7220, 6.6005, 6.0660, 7.0088, 7.3382, 6.8637, 6.5019, 8.3723, 7.7837, 8.6321,
    8.0300, 8.0007, 7.4838, 8.2601, 8.6337, 7.5886, 8.7376, 7.8634, 8.4145, 8.9092,
    9.2491, 9.7247, 9.5195, 8.1396, 9.0413, 8.7784,
  ]

#### min
  Points: 46
  Min: -16.6702, Max: -2.3012, Mean: -12.6288
  Data: [
    -2.3012, -10.9819, -10.0212, -10.6132, -11.8457, -10.5960, -11.1118, -13.3056, -11.5212, -11.7034,
    -12.6359, -14.6850, -11.2726, -12.0946, -12.1374, -14.3076, -14.7595, -12.2415, -14.6291, -13.6502,
    -12.5180, -12.5104, -14.0973, -13.4340, -10.5986, -12.7610, -13.9945, -13.9052, -15.8221, -13.7264,
    -13.9110, -14.4339, -14.0972, -12.9427, -12.6495, -13.7340, -12.4095, -13.4217, -13.7454, -13.0048,
    -10.9429, -11.5410, -10.3206, -16.6702, -15.6234, -11.6934,
  ]

#### norm_high
  Points: 46
  Min: 0.7227, Max: 12.6700, Mean: 11.1916
  Data: [
    0.7227, 10.4006, 10.9316, 10.6314, 10.8956, 11.1972, 11.1772, 10.5527, 10.6928, 10.7542,
    10.7920, 10.6965, 10.7184, 10.7994, 11.0530, 10.8727, 10.8538, 11.1243, 11.4546, 11.0101,
    11.1755, 11.7668, 11.4979, 11.4396, 11.2405, 11.1231, 11.7795, 11.3812, 11.7121, 12.2904,
    11.7006, 11.6847, 11.7909, 11.8695, 12.3307, 11.3363, 11.6493, 11.3876, 11.8537, 12.2239,
    12.5193, 12.6326, 12.6700, 12.1603, 12.2587, 12.0066,
  ]

#### norm_low
  Points: 46
  Min: -0.2715, Max: 6.0973, Mean: 2.4815
  Data: [
    0.2519, 2.9371, 2.0714, -0.2164, -0.1930, -0.0258, 0.9736, 0.5561, 0.6035, 0.8573,
    -0.2715, 0.0670, 0.6060, -0.0329, 0.1115, 0.3712, 0.1053, 0.3079, 0.3648, 0.0685,
    0.8537, 1.3985, 1.4496, 1.2041, 1.6169, 1.9449, 2.4461, 3.5372, 4.0780, 5.0041,
    4.4522, 5.4403, 4.1585, 5.3746, 5.1060, 4.0949, 4.4124, 4.4839, 4.1862, 5.1349,
    5.7115, 6.0973, 6.0673, 5.6353, 5.9488, 4.7994,
  ]

#### norm_scale
  Points: 46
  Min: 0.4708, Max: 11.2230, Mean: 8.7100
  Data: [
    0.4708, 7.4635, 8.8603, 10.8478, 11.0887, 11.2230, 10.2036, 9.9966, 10.0893, 9.8969,
    11.0634, 10.6295, 10.1124, 10.8324, 10.9415, 10.5015, 10.7484, 10.8164, 11.0898, 10.9416,
    10.3218, 10.3683, 10.0483, 10.2355, 9.6236, 9.1782, 9.3334, 7.8441, 7.6341, 7.2863,
    7.2484, 6.2444, 7.6324, 6.4949, 7.2247, 7.2414, 7.2369, 6.9037, 7.6675, 7.0890,
    6.8077, 6.5353, 6.6027, 6.5250, 6.3099, 7.2072,
  ]

#### std
  Points: 46
  Min: 0.8495, Max: 3.8370, Mean: 2.8131
  Data: [
    0.8495, 2.5883, 3.0530, 3.2250, 3.7601, 3.7436, 2.8611, 3.5894, 3.1664, 2.5742,
    3.1693, 3.1743, 2.0899, 2.7392, 3.8370, 3.0584, 3.5160, 3.3015, 3.7245, 3.1957,
    3.3215, 2.4012, 2.9531, 3.6064, 2.5176, 2.4541, 3.1405, 2.9343, 3.1067, 2.2701,
    2.4086, 3.1321, 2.8727, 2.2682, 2.4280, 3.0835, 2.3366, 2.4742, 2.6023, 2.0911,
    1.9416, 2.8785, 1.9419, 2.3919, 2.3313, 2.2991,
  ]


### IMAGINATION
#### continue_mean
  Points: 46
  Min: 0.9729, Max: 0.9930, Mean: 0.9888
  Data: [
    0.9729, 0.9902, 0.9883, 0.9848, 0.9891, 0.9898, 0.9889, 0.9874, 0.9893, 0.9917,
    0.9866, 0.9890, 0.9930, 0.9889, 0.9862, 0.9900, 0.9874, 0.9912, 0.9897, 0.9883,
    0.9925, 0.9896, 0.9928, 0.9866, 0.9912, 0.9913, 0.9874, 0.9884, 0.9880, 0.9897,
    0.9920, 0.9896, 0.9868, 0.9922, 0.9884, 0.9886, 0.9856, 0.9898, 0.9926, 0.9902,
    0.9885, 0.9867, 0.9869, 0.9877, 0.9866, 0.9901,
  ]

#### continue_min
  Points: 46
  Min: 0.0000, Max: 0.0000, Mean: 0.0000
  Data: [
    0.0000, 0.0000, 0.0000, 0.0000, 0.0000, 0.0000, 0.0000, 0.0000, 0.0000, 0.0000,
    0.0000, 0.0000, 0.0000, 0.0000, 0.0000, 0.0000, 0.0000, 0.0000, 0.0000, 0.0000,
    0.0000, 0.0000, 0.0000, 0.0000, 0.0000, 0.0000, 0.0000, 0.0000, 0.0000, 0.0000,
    0.0000, 0.0000, 0.0000, 0.0000, 0.0000, 0.0000, 0.0000, 0.0000, 0.0000, 0.0000,
    0.0000, 0.0000, 0.0000, 0.0000, 0.0000, 0.0000,
  ]

#### reward_abs_mean
  Points: 46
  Min: 0.0839, Max: 0.1874, Mean: 0.1383
  Data: [
    0.0856, 0.1078, 0.1435, 0.1746, 0.1363, 0.1456, 0.1419, 0.1567, 0.1558, 0.0977,
    0.1576, 0.1421, 0.0959, 0.1342, 0.1717, 0.1235, 0.1628, 0.1140, 0.1321, 0.1434,
    0.0839, 0.1373, 0.1018, 0.1727, 0.1093, 0.1129, 0.1703, 0.1634, 0.1653, 0.1285,
    0.1127, 0.1509, 0.1798, 0.1022, 0.1336, 0.1434, 0.1800, 0.1228, 0.0944, 0.1274,
    0.1428, 0.1829, 0.1547, 0.1439, 0.1874, 0.1354,
  ]

#### reward_max
  Points: 46
  Min: 2.3176, Max: 10.0204, Mean: 9.8380
  Data: [
    2.3176, 10.0125, 10.0039, 10.0015, 10.0042, 10.0122, 10.0087, 10.0076, 10.0022, 10.0098,
    10.0098, 10.0204, 10.0037, 10.0086, 10.0093, 10.0053, 10.0076, 10.0003, 10.0008, 10.0035,
    10.0006, 10.0043, 10.0009, 10.0042, 10.0063, 10.0004, 10.0019, 10.0008, 10.0016, 10.0014,
    10.0046, 10.0013, 10.0037, 10.0004, 10.0027, 9.9997, 10.0069, 10.0030, 10.0092, 10.0014,
    10.0009, 10.0050, 10.0121, 9.9992, 10.0173, 10.0082,
  ]

#### reward_mean
  Points: 46
  Min: 0.0100, Max: 0.1403, Mean: 0.0738
  Data: [
    0.0773, 0.0515, 0.1031, 0.1119, 0.0276, 0.0619, 0.0711, 0.0100, 0.0433, 0.0528,
    0.1154, 0.0587, 0.0471, 0.0775, 0.0518, 0.0581, 0.0830, 0.0724, 0.0844, 0.0723,
    0.0521, 0.0603, 0.0264, 0.1218, 0.0691, 0.0633, 0.0984, 0.0794, 0.0618, 0.0892,
    0.0527, 0.0280, 0.0981, 0.0677, 0.0906, 0.0750, 0.1309, 0.0557, 0.0445, 0.0593,
    0.1060, 0.1403, 0.1075, 0.0851, 0.1287, 0.0691,
  ]

#### reward_min
  Points: 46
  Min: -10.2792, Max: -0.2036, Mean: -9.9592
  Data: [
    -0.2036, -10.1745, -10.1672, -10.1753, -10.2317, -10.1884, -10.2248, -10.1790, -10.1554, -10.2597,
    -10.1590, -10.2107, -10.1376, -10.1484, -10.1895, -10.1780, -10.1373, -10.1213, -10.1919, -10.1889,
    -10.1900, -10.1497, -10.1590, -10.1901, -10.1325, -10.1601, -10.2100, -10.1537, -10.1879, -10.1316,
    -10.1412, -10.2792, -10.2003, -10.1471, -10.1382, -10.1948, -10.2088, -10.2015, -10.1519, -10.1843,
    -10.1022, -10.1849, -10.1646, -10.1839, -10.2132, -10.1382,
  ]

#### reward_nonzero_frac
  Points: 46
  Min: 0.0323, Max: 0.0977, Mean: 0.0562
  Data: [
    0.0898, 0.0447, 0.0423, 0.0642, 0.0645, 0.0977, 0.0638, 0.0837, 0.0809, 0.0580,
    0.0596, 0.0593, 0.0770, 0.0494, 0.0740, 0.0509, 0.0616, 0.0552, 0.0479, 0.0615,
    0.0382, 0.0673, 0.0518, 0.0544, 0.0598, 0.0342, 0.0531, 0.0490, 0.0511, 0.0432,
    0.0454, 0.0725, 0.0565, 0.0323, 0.0403, 0.0417, 0.0405, 0.0523, 0.0461, 0.0514,
    0.0572, 0.0509, 0.0435, 0.0479, 0.0620, 0.0581,
  ]

#### reward_significant_frac
  Points: 46
  Min: 0.0077, Max: 0.0396, Mean: 0.0143
  Data: [
    0.0396, 0.0104, 0.0143, 0.0168, 0.0128, 0.0140, 0.0136, 0.0144, 0.0150, 0.0087,
    0.0158, 0.0135, 0.0081, 0.0132, 0.0168, 0.0118, 0.0162, 0.0115, 0.0134, 0.0144,
    0.0077, 0.0140, 0.0101, 0.0174, 0.0105, 0.0112, 0.0168, 0.0163, 0.0167, 0.0132,
    0.0110, 0.0150, 0.0184, 0.0103, 0.0138, 0.0146, 0.0186, 0.0114, 0.0085, 0.0124,
    0.0140, 0.0186, 0.0156, 0.0146, 0.0202, 0.0138,
  ]

#### reward_std
  Points: 46
  Min: 0.3124, Max: 1.2644, Mean: 1.0660
  Data: [
    0.3124, 0.9655, 1.1269, 1.2317, 1.0736, 1.0845, 1.0942, 1.1528, 1.1456, 0.8967,
    1.1681, 1.1044, 0.8654, 1.0748, 1.2154, 1.0218, 1.1833, 0.9633, 1.0543, 1.1047,
    0.8313, 1.0612, 0.9098, 1.2282, 0.9376, 0.9827, 1.2190, 1.1893, 1.1946, 1.0384,
    0.9651, 1.1313, 1.2471, 0.9254, 1.0788, 1.1157, 1.2596, 1.0225, 0.8673, 1.0364,
    1.1026, 1.2644, 1.1543, 1.1110, 1.2624, 1.0629,
  ]


### ACTIONS
#### abs_mean
  Points: 46
  Min: 0.4782, Max: 0.5499, Mean: 0.5022
  Data: [
    0.5499, 0.5034, 0.5170, 0.4944, 0.5087, 0.5014, 0.4906, 0.4932, 0.5255, 0.5237,
    0.4782, 0.4912, 0.4843, 0.4867, 0.5423, 0.4851, 0.5102, 0.4800, 0.5441, 0.5070,
    0.5144, 0.5319, 0.4931, 0.4977, 0.4941, 0.5249, 0.5195, 0.5137, 0.4904, 0.5020,
    0.4889, 0.4909, 0.4848, 0.4909, 0.4961, 0.4838, 0.5064, 0.4836, 0.4866, 0.4944,
    0.4839, 0.5047, 0.4856, 0.4993, 0.5056, 0.5191,
  ]

#### dim0_mean
  Points: 46
  Min: 0.0619, Max: 0.2633, Mean: 0.1624
  Data: [
    0.2119, 0.0621, 0.1853, 0.1949, 0.1826, 0.0687, 0.1763, 0.1243, 0.1647, 0.0831,
    0.1759, 0.1313, 0.0619, 0.0754, 0.1798, 0.2012, 0.1079, 0.1635, 0.2048, 0.1679,
    0.1238, 0.1966, 0.1818, 0.1730, 0.1402, 0.2124, 0.1803, 0.1432, 0.1463, 0.2043,
    0.1252, 0.1450, 0.1374, 0.2129, 0.1764, 0.2236, 0.2633, 0.1602, 0.1393, 0.1416,
    0.1780, 0.2275, 0.1922, 0.1322, 0.1966, 0.1949,
  ]

#### dim1_mean
  Points: 46
  Min: -0.0658, Max: 0.0833, Mean: 0.0072
  Data: [
    0.0122, -0.0037, -0.0018, -0.0237, 0.0677, 0.0127, -0.0430, 0.0173, -0.0430, 0.0721,
    0.0183, 0.0683, 0.0447, 0.0020, -0.0039, 0.0253, 0.0833, 0.0365, 0.0777, -0.0072,
    0.0133, -0.0193, -0.0146, -0.0329, -0.0501, 0.0056, 0.0163, -0.0016, 0.0481, -0.0634,
    -0.0449, -0.0463, 0.0183, -0.0179, -0.0248, -0.0312, 0.0353, 0.0474, 0.0537, 0.0003,
    0.0161, 0.0162, -0.0196, -0.0658, 0.0673, 0.0158,
  ]

#### dim2_mean
  Points: 46
  Min: -0.1782, Max: 0.0668, Mean: -0.0525
  Data: [
    -0.0895, -0.0922, -0.1005, -0.1375, -0.0737, -0.0334, -0.0942, -0.0577, -0.0606, -0.1079,
    -0.0575, 0.0208, 0.0030, -0.0664, -0.0539, 0.0139, 0.0668, -0.0035, 0.0166, 0.0032,
    0.0422, 0.0272, -0.0096, -0.0624, 0.0277, 0.0476, -0.0564, -0.0679, -0.0225, -0.0640,
    -0.1084, -0.0480, -0.0504, -0.0274, -0.0715, -0.0872, -0.0966, -0.0884, -0.0393, -0.0894,
    -0.0727, -0.1782, -0.1187, -0.1206, -0.0750, -0.1022,
  ]

#### dim3_mean
  Points: 46
  Min: -0.1228, Max: 0.0449, Mean: -0.0467
  Data: [
    -0.0971, 0.0200, -0.0159, -0.0655, -0.1228, -0.0094, -0.0080, -0.0323, 0.0252, -0.0030,
    0.0008, -0.1016, -0.0721, -0.0781, -0.0672, -0.0424, -0.0985, -0.0504, -0.1033, -0.0670,
    -0.0846, -0.0672, -0.0683, -0.0409, -0.0856, -0.0423, -0.0805, -0.0541, -0.0935, -0.0583,
    -0.0558, -0.1051, 0.0449, -0.0140, -0.0824, -0.0138, -0.0336, -0.0431, -0.0428, -0.0198,
    -0.0727, 0.0130, -0.0635, 0.0406, -0.0287, -0.0061,
  ]

#### max
  Points: 46
  Min: 0.9994, Max: 1.0000, Mean: 0.9999
  Data: [
    1.0000, 1.0000, 1.0000, 0.9999, 0.9999, 0.9999, 0.9998, 0.9998, 1.0000, 1.0000,
    0.9999, 0.9997, 1.0000, 1.0000, 1.0000, 1.0000, 0.9999, 1.0000, 1.0000, 1.0000,
    0.9999, 0.9999, 0.9997, 0.9997, 1.0000, 0.9999, 1.0000, 0.9997, 0.9999, 0.9998,
    0.9999, 0.9996, 1.0000, 0.9999, 0.9999, 0.9994, 1.0000, 0.9998, 0.9999, 1.0000,
    0.9999, 0.9999, 0.9999, 0.9998, 0.9998, 1.0000,
  ]

#### mean
  Points: 46
  Min: -0.0210, Max: 0.0558, Mean: 0.0176
  Data: [
    0.0094, -0.0034, 0.0168, -0.0080, 0.0134, 0.0096, 0.0078, 0.0129, 0.0216, 0.0111,
    0.0343, 0.0297, 0.0094, -0.0168, 0.0137, 0.0495, 0.0399, 0.0365, 0.0489, 0.0242,
    0.0237, 0.0343, 0.0223, 0.0092, 0.0081, 0.0558, 0.0149, 0.0049, 0.0196, 0.0047,
    -0.0210, -0.0136, 0.0376, 0.0384, -0.0006, 0.0228, 0.0421, 0.0190, 0.0277, 0.0082,
    0.0122, 0.0196, -0.0024, -0.0034, 0.0401, 0.0256,
  ]

#### min
  Points: 46
  Min: -1.0000, Max: -0.9995, Mean: -0.9999
  Data: [
    -1.0000, -0.9999, -0.9999, -0.9999, -0.9999, -1.0000, -0.9998, -1.0000, -1.0000, -0.9999,
    -1.0000, -1.0000, -1.0000, -1.0000, -0.9999, -1.0000, -0.9996, -0.9998, -0.9999, -0.9998,
    -0.9999, -1.0000, -0.9997, -0.9999, -0.9998, -1.0000, -0.9999, -1.0000, -0.9998, -0.9997,
    -0.9998, -0.9999, -0.9999, -0.9998, -1.0000, -0.9995, -0.9999, -1.0000, -0.9999, -1.0000,
    -0.9999, -0.9999, -0.9998, -0.9998, -0.9998, -0.9999,
  ]

#### std
  Points: 46
  Min: 0.5574, Max: 0.6292, Mean: 0.5804
  Data: [
    0.6292, 0.5853, 0.5979, 0.5735, 0.5872, 0.5816, 0.5701, 0.5734, 0.6033, 0.6027,
    0.5574, 0.5689, 0.5641, 0.5673, 0.6217, 0.5613, 0.5859, 0.5583, 0.6169, 0.5852,
    0.5938, 0.6087, 0.5716, 0.5741, 0.5711, 0.5973, 0.5965, 0.5917, 0.5695, 0.5799,
    0.5648, 0.5689, 0.5633, 0.5705, 0.5753, 0.5625, 0.5827, 0.5643, 0.5643, 0.5727,
    0.5639, 0.5814, 0.5631, 0.5756, 0.5819, 0.5954,
  ]


### GRADIENTS
#### actor_norm
  Points: 46
  Min: 0.0907, Max: 0.9777, Mean: 0.1668
  Data: [
    0.9777, 0.1900, 0.1521, 0.0986, 0.1299, 0.1493, 0.0907, 0.1434, 0.1358, 0.1144,
    0.1180, 0.1248, 0.0908, 0.1447, 0.1413, 0.0913, 0.1540, 0.0966, 0.0957, 0.1005,
    0.1528, 0.1080, 0.1179, 0.0997, 0.1084, 0.1380, 0.1514, 0.1826, 0.1877, 0.1739,
    0.1785, 0.1735, 0.1883, 0.1935, 0.1424, 0.1506, 0.1543, 0.1557, 0.2222, 0.1790,
    0.1135, 0.2331, 0.1439, 0.2538, 0.2295, 0.2020,
  ]

#### critic_norm
  Points: 46
  Min: 0.2410, Max: 1.4341, Mean: 0.4417
  Data: [
    1.4341, 0.7045, 0.4657, 0.4005, 0.4496, 0.5249, 0.5320, 0.3632, 0.4664, 0.4710,
    0.4195, 0.3489, 0.3679, 0.3749, 0.4968, 0.4666, 0.3191, 0.3611, 0.7544, 0.4058,
    0.4348, 0.3412, 0.3653, 0.4174, 0.6126, 0.4004, 0.4345, 0.5158, 0.3086, 0.4356,
    0.2865, 0.3266, 0.3156, 0.2511, 0.5466, 0.3946, 0.2410, 0.3862, 0.5452, 0.2852,
    0.4510, 0.3738, 0.4709, 0.2914, 0.4621, 0.2972,
  ]

#### world_model_norm
  Points: 46
  Min: 6.1656, Max: 23.4472, Mean: 10.5184
  Data: [
    13.0451, 7.4563, 8.7095, 6.2439, 11.9761, 7.6711, 7.2366, 8.2435, 7.1320, 10.5900,
    6.6831, 7.1552, 6.1656, 9.1920, 14.2701, 13.1023, 11.4359, 8.9763, 12.2920, 6.3694,
    7.2528, 23.4472, 11.4238, 7.9844, 9.8534, 7.0978, 6.7415, 13.2496, 16.3174, 8.2194,
    17.5314, 7.9455, 14.1167, 10.3587, 7.3223, 9.9056, 6.6372, 11.1698, 13.4057, 9.6589,
    20.1945, 7.9125, 8.5673, 15.2139, 16.7102, 11.6640,
  ]


### DIAGNOSTICS
#### advantage_contribution
  Points: 46
  Min: 0.1046, Max: 1.0519, Mean: 0.1793
  Data: [
    1.0519, 0.1637, 0.1575, 0.1270, 0.1616, 0.1620, 0.1195, 0.1747, 0.1787, 0.1192,
    0.1259, 0.1406, 0.1046, 0.1288, 0.1624, 0.1176, 0.1465, 0.1081, 0.1633, 0.1450,
    0.1148, 0.1346, 0.1388, 0.1522, 0.1367, 0.1544, 0.1992, 0.2085, 0.1547, 0.1700,
    0.1791, 0.1779, 0.1548, 0.1882, 0.1753, 0.1956, 0.1876, 0.1631, 0.1579, 0.1430,
    0.1604, 0.2935, 0.1622, 0.1921, 0.2355, 0.1583,
  ]

#### entropy_advantage_ratio
  Points: 46
  Min: 0.0011, Max: 0.0094, Mean: 0.0060
  Data: [
    0.0011, 0.0060, 0.0060, 0.0073, 0.0058, 0.0066, 0.0087, 0.0052, 0.0051, 0.0094,
    0.0078, 0.0062, 0.0094, 0.0070, 0.0062, 0.0081, 0.0067, 0.0094, 0.0061, 0.0068,
    0.0086, 0.0068, 0.0069, 0.0059, 0.0061, 0.0060, 0.0043, 0.0038, 0.0059, 0.0051,
    0.0047, 0.0049, 0.0056, 0.0050, 0.0048, 0.0043, 0.0045, 0.0055, 0.0060, 0.0063,
    0.0052, 0.0030, 0.0055, 0.0044, 0.0036, 0.0065,
  ]

#### entropy_contribution
  Points: 46
  Min: 0.0008, Max: 0.0011, Mean: 0.0009
  Data: [
    0.0011, 0.0010, 0.0009, 0.0009, 0.0009, 0.0011, 0.0010, 0.0009, 0.0009, 0.0011,
    0.0010, 0.0009, 0.0010, 0.0009, 0.0010, 0.0010, 0.0010, 0.0010, 0.0010, 0.0010,
    0.0010, 0.0009, 0.0010, 0.0009, 0.0008, 0.0009, 0.0009, 0.0008, 0.0009, 0.0009,
    0.0008, 0.0009, 0.0009, 0.0009, 0.0008, 0.0008, 0.0008, 0.0009, 0.0009, 0.0009,
    0.0008, 0.0009, 0.0009, 0.0008, 0.0008, 0.0010,
  ]

#### return_range_S
  Points: 46
  Min: 0.4708, Max: 11.2230, Mean: 8.7100
  Data: [
    0.4708, 7.4635, 8.8603, 10.8478, 11.0887, 11.2230, 10.2036, 9.9966, 10.0893, 9.8969,
    11.0634, 10.6295, 10.1124, 10.8324, 10.9415, 10.5015, 10.7484, 10.8164, 11.0898, 10.9416,
    10.3218, 10.3683, 10.0483, 10.2355, 9.6236, 9.1782, 9.3334, 7.8441, 7.6341, 7.2863,
    7.2484, 6.2444, 7.6324, 6.4949, 7.2247, 7.2414, 7.2369, 6.9037, 7.6675, 7.0890,
    6.8077, 6.5353, 6.6027, 6.5250, 6.3099, 7.2072,
  ]

#### return_range_at_floor
  Points: 46
  Min: 0.0000, Max: 1.0000, Mean: 0.0217
  Data: [
    1.0000, 0.0000, 0.0000, 0.0000, 0.0000, 0.0000, 0.0000, 0.0000, 0.0000, 0.0000,
    0.0000, 0.0000, 0.0000, 0.0000, 0.0000, 0.0000, 0.0000, 0.0000, 0.0000, 0.0000,
    0.0000, 0.0000, 0.0000, 0.0000, 0.0000, 0.0000, 0.0000, 0.0000, 0.0000, 0.0000,
    0.0000, 0.0000, 0.0000, 0.0000, 0.0000, 0.0000, 0.0000, 0.0000, 0.0000, 0.0000,
    0.0000, 0.0000, 0.0000, 0.0000, 0.0000, 0.0000,
  ]


### SPARSE_SIGNAL
#### advantage_nonzero_frac
  Points: 46
  Min: 0.7743, Max: 0.9504, Mean: 0.8467
  Data: [
    0.9504, 0.8836, 0.8581, 0.8488, 0.8615, 0.8445, 0.8382, 0.8530, 0.8859, 0.8084,
    0.8302, 0.8233, 0.8099, 0.8394, 0.8628, 0.8051, 0.8032, 0.8055, 0.8514, 0.8262,
    0.7743, 0.7926, 0.8124, 0.8281, 0.8278, 0.8427, 0.8383, 0.8872, 0.8472, 0.8628,
    0.8749, 0.8288, 0.8273, 0.8707, 0.8751, 0.8715, 0.8523, 0.8674, 0.8471, 0.8471,
    0.8496, 0.9052, 0.8597, 0.8752, 0.8566, 0.8365,
  ]

#### advantage_significant_frac
  Points: 46
  Min: 0.2077, Max: 0.6908, Mean: 0.3053
  Data: [
    0.6908, 0.3057, 0.3062, 0.2745, 0.3395, 0.3271, 0.2388, 0.3409, 0.3407, 0.2434,
    0.2653, 0.2735, 0.2113, 0.2871, 0.3187, 0.2308, 0.2762, 0.2168, 0.3468, 0.2825,
    0.2077, 0.2357, 0.2499, 0.3019, 0.2710, 0.2887, 0.3329, 0.3945, 0.2949, 0.3029,
    0.3384, 0.2334, 0.2884, 0.3170, 0.3342, 0.3513, 0.3221, 0.3293, 0.2921, 0.2330,
    0.3144, 0.4712, 0.2920, 0.3522, 0.3371, 0.2409,
  ]

#### event_rate_in_batch
  Points: 46
  Min: 0.0050, Max: 0.0212, Mean: 0.0103
  Data: [
    0.0212, 0.0111, 0.0081, 0.0141, 0.0141, 0.0060, 0.0101, 0.0131, 0.0091, 0.0081,
    0.0131, 0.0071, 0.0060, 0.0131, 0.0091, 0.0081, 0.0121, 0.0081, 0.0091, 0.0091,
    0.0081, 0.0111, 0.0060, 0.0111, 0.0071, 0.0050, 0.0121, 0.0141, 0.0111, 0.0121,
    0.0101, 0.0111, 0.0151, 0.0081, 0.0091, 0.0101, 0.0131, 0.0081, 0.0091, 0.0121,
    0.0071, 0.0121, 0.0071, 0.0111, 0.0101, 0.0111,
  ]

#### lambda_return_abs_mean
  Points: 46
  Min: 2.9036, Max: 10.0561, Mean: 7.3705
  Data: [
    2.9036, 5.7804, 6.7002, 6.1229, 6.1363, 5.2291, 6.2423, 6.2199, 6.6067, 5.6744,
    6.5525, 6.4525, 5.8156, 6.1334, 7.4392, 6.2550, 6.3036, 6.0942, 7.3910, 6.3771,
    6.1208, 7.0036, 6.5562, 7.5718, 7.5784, 7.1640, 7.0952, 8.9180, 8.2834, 8.8348,
    8.3747, 8.6145, 7.9717, 8.5316, 8.8935, 8.1541, 8.9809, 8.2080, 8.5684, 9.0873,
    9.4877, 10.0561, 9.6435, 8.4070, 9.4304, 9.0753,
  ]

#### lambda_return_nonzero_frac
  Points: 46
  Min: 0.9806, Max: 1.0000, Mean: 0.9966
  Data: [
    0.9997, 0.9994, 0.9993, 0.9987, 0.9926, 0.9870, 0.9995, 0.9822, 0.9992, 0.9994,
    0.9964, 0.9985, 0.9987, 0.9997, 0.9934, 1.0000, 0.9824, 0.9909, 0.9806, 0.9859,
    0.9819, 0.9993, 0.9970, 0.9932, 0.9978, 0.9987, 0.9976, 0.9988, 0.9999, 0.9995,
    0.9993, 0.9999, 0.9999, 1.0000, 1.0000, 0.9997, 0.9992, 1.0000, 0.9992, 1.0000,
    1.0000, 0.9996, 1.0000, 0.9999, 0.9996, 1.0000,
  ]

#### lambda_return_significant_frac
  Points: 46
  Min: 0.8824, Max: 0.9999, Mean: 0.9763
  Data: [
    0.9941, 0.9972, 0.9936, 0.9844, 0.9514, 0.9068, 0.9761, 0.9546, 0.9771, 0.9629,
    0.9644, 0.9835, 0.9901, 0.9910, 0.9546, 0.9930, 0.9109, 0.9266, 0.9092, 0.9548,
    0.8824, 0.9925, 0.9381, 0.9434, 0.9887, 0.9788, 0.9569, 0.9965, 0.9985, 0.9975,
    0.9967, 0.9981, 0.9963, 0.9999, 0.9983, 0.9970, 0.9949, 0.9982, 0.9950, 0.9992,
    0.9994, 0.9965, 0.9997, 0.9968, 0.9965, 0.9996,
  ]

#### nonsparse_pred_error
  Points: 46
  Min: 0.0040, Max: 0.0491, Mean: 0.0170
  Data: [
    0.0471, 0.0098, 0.0064, 0.0088, 0.0183, 0.0072, 0.0142, 0.0223, 0.0154, 0.0050,
    0.0202, 0.0263, 0.0043, 0.0058, 0.0204, 0.0147, 0.0140, 0.0232, 0.0258, 0.0087,
    0.0055, 0.0193, 0.0234, 0.0091, 0.0044, 0.0235, 0.0180, 0.0306, 0.0491, 0.0040,
    0.0286, 0.0157, 0.0323, 0.0190, 0.0157, 0.0139, 0.0132, 0.0144, 0.0123, 0.0228,
    0.0141, 0.0186, 0.0139, 0.0178, 0.0069, 0.0160,
  ]

#### num_sparse_events
  Points: 46
  Min: 5.0000, Max: 21.0000, Mean: 10.1739
  Data: [
    21.0000, 11.0000, 8.0000, 14.0000, 14.0000, 6.0000, 10.0000, 13.0000, 9.0000, 8.0000,
    13.0000, 7.0000, 6.0000, 13.0000, 9.0000, 8.0000, 12.0000, 8.0000, 9.0000, 9.0000,
    8.0000, 11.0000, 6.0000, 11.0000, 7.0000, 5.0000, 12.0000, 14.0000, 11.0000, 12.0000,
    10.0000, 11.0000, 15.0000, 8.0000, 9.0000, 10.0000, 13.0000, 8.0000, 9.0000, 12.0000,
    7.0000, 12.0000, 7.0000, 11.0000, 10.0000, 11.0000,
  ]

#### reward_max
  Points: 46
  Min: 10.0000, Max: 10.0000, Mean: 10.0000
  Data: [
    10.0000, 10.0000, 10.0000, 10.0000, 10.0000, 10.0000, 10.0000, 10.0000, 10.0000, 10.0000,
    10.0000, 10.0000, 10.0000, 10.0000, 10.0000, 10.0000, 10.0000, 10.0000, 10.0000, 10.0000,
    10.0000, 10.0000, 10.0000, 10.0000, 10.0000, 10.0000, 10.0000, 10.0000, 10.0000, 10.0000,
    10.0000, 10.0000, 10.0000, 10.0000, 10.0000, 10.0000, 10.0000, 10.0000, 10.0000, 10.0000,
    10.0000, 10.0000, 10.0000, 10.0000, 10.0000, 10.0000,
  ]

#### reward_min
  Points: 46
  Min: -10.2383, Max: -0.1461, Mean: -9.0722
  Data: [
    -0.1461, -10.2033, -10.1954, -10.1107, -10.2210, -10.1591, -10.2383, -10.1598, -10.1692, -10.1021,
    -10.1080, -10.1796, -10.1160, -10.1432, -10.1790, -10.1243, -10.1721, -0.1859, -10.0901, -10.1766,
    -0.1972, -10.1595, -10.1782, -0.1757, -10.1639, -10.0746, -10.1153, -10.1232, -10.2181, -10.1689,
    -10.1248, -10.1821, -10.1550, -10.1125, -10.1652, -10.2174, -10.1760, -10.1825, -10.1156, -10.1231,
    -0.2053, -10.1767, -10.1923, -10.1580, -10.1172, -10.1611,
  ]

#### reward_range
  Points: 46
  Min: 10.1461, Max: 20.2383, Mean: 19.0722
  Data: [
    10.1461, 20.2033, 20.1954, 20.1107, 20.2210, 20.1591, 20.2383, 20.1598, 20.1692, 20.1021,
    20.1080, 20.1796, 20.1160, 20.1432, 20.1790, 20.1243, 20.1721, 10.1859, 20.0901, 20.1766,
    10.1972, 20.1595, 20.1782, 10.1757, 20.1639, 20.0746, 20.1153, 20.1232, 20.2181, 20.1689,
    20.1248, 20.1821, 20.1550, 20.1125, 20.1652, 20.2174, 20.1760, 20.1825, 20.1156, 20.1231,
    10.2053, 20.1767, 20.1923, 20.1580, 20.1172, 20.1611,
  ]

#### reward_variance
  Points: 46
  Min: 0.5073, Max: 2.0776, Mean: 1.0301
  Data: [
    2.0776, 1.1233, 0.8102, 1.4117, 1.4295, 0.6119, 1.0212, 1.3267, 0.9182, 0.8088,
    1.3066, 0.7103, 0.6090, 1.3177, 0.9160, 0.8155, 1.2097, 0.8035, 0.9076, 0.9152,
    0.8038, 1.1174, 0.6176, 1.1016, 0.7127, 0.5073, 1.2113, 1.4265, 1.1187, 1.2080,
    1.0184, 1.1151, 1.5171, 0.8089, 0.9094, 1.0153, 1.3119, 0.8146, 0.9090, 1.2114,
    0.7047, 1.2083, 0.7131, 1.1232, 1.0122, 1.1148,
  ]

#### sparse_actual_mean
  Points: 46
  Min: -3.4307, Max: 10.0000, Mean: 5.8334
  Data: [
    10.0000, 2.6759, 7.4756, 7.1277, 2.8047, 6.6401, 3.9487, 2.2597, 3.2887, 7.4872,
    8.4532, 7.1172, 6.6473, 5.3575, 5.5164, 2.4614, 8.3190, 10.0000, 7.7678, 3.3030,
    10.0000, 4.5163, -3.4307, 10.0000, 4.2496, 5.9851, 6.6518, 1.3864, 4.5089, 8.3193,
    1.9611, 6.3401, 5.9746, 7.4859, 7.7594, 5.9665, 6.9016, 4.9610, 7.7649, 6.6526,
    10.0000, 8.3186, 4.2419, 0.8550, 5.9801, 6.3375,
  ]

#### sparse_pred_error
  Points: 46
  Min: 0.0007, Max: 9.0793, Mean: 0.2397
  Data: [
    9.0793, 0.0107, 0.0067, 0.0038, 0.0096, 0.0048, 0.0183, 0.1690, 0.0085, 0.2164,
    0.0137, 0.0035, 0.0036, 0.0065, 0.0923, 0.0031, 0.0958, 0.0007, 0.0185, 0.0132,
    0.0070, 0.0139, 0.0377, 0.0083, 0.0128, 0.0009, 0.0114, 0.0164, 0.0165, 0.0374,
    0.0105, 0.0091, 0.0109, 0.0325, 0.0213, 0.0631, 0.0092, 0.0040, 0.0381, 0.0060,
    0.0025, 0.0563, 0.0129, 0.0842, 0.7078, 0.0195,
  ]

#### sparse_pred_mean
  Points: 46
  Min: -3.3990, Max: 9.9994, Mean: 5.6040
  Data: [
    0.9207, 2.6852, 7.4810, 7.1267, 2.8050, 6.6444, 3.9528, 2.0961, 3.2971, 7.2708,
    8.4434, 7.1138, 6.6443, 5.3512, 5.4321, 2.4638, 8.2292, 9.9994, 7.7493, 3.2938,
    9.9931, 4.5101, -3.3990, 9.9918, 4.2478, 5.9846, 6.6410, 1.3996, 4.5203, 8.2903,
    1.9517, 6.3352, 5.9740, 7.5156, 7.7480, 5.9130, 6.8929, 4.9570, 7.7305, 6.6466,
    9.9976, 8.2623, 4.2351, 0.8435, 5.2724, 6.3309,
  ]

#### sparse_sign_accuracy
  Points: 46
  Min: 1.0000, Max: 1.0000, Mean: 1.0000
  Data: [
    1.0000, 1.0000, 1.0000, 1.0000, 1.0000, 1.0000, 1.0000, 1.0000, 1.0000, 1.0000,
    1.0000, 1.0000, 1.0000, 1.0000, 1.0000, 1.0000, 1.0000, 1.0000, 1.0000, 1.0000,
    1.0000, 1.0000, 1.0000, 1.0000, 1.0000, 1.0000, 1.0000, 1.0000, 1.0000, 1.0000,
    1.0000, 1.0000, 1.0000, 1.0000, 1.0000, 1.0000, 1.0000, 1.0000, 1.0000, 1.0000,
    1.0000, 1.0000, 1.0000, 1.0000, 1.0000, 1.0000,
  ]

#### sparse_vs_nonsparse_error_ratio
  Points: 46
  Min: 0.0288, Max: 192.8539, Mean: 8.9261
  Data: [
    192.8539, 1.0960, 1.0444, 0.4318, 0.5214, 0.6702, 1.2875, 7.5625, 0.5538, 43.0835,
    0.6786, 0.1317, 0.8379, 1.1158, 4.5324, 0.2099, 6.8583, 0.0288, 0.7159, 1.5148,
    1.2786, 0.7177, 1.6141, 0.9134, 2.9158, 0.0384, 0.6326, 0.5371, 0.3366, 9.2999,
    0.3669, 0.5809, 0.3356, 1.7092, 1.3582, 4.5301, 0.6964, 0.2800, 3.1042, 0.2625,
    0.1805, 3.0312, 0.9239, 4.7235, 103.2787, 1.2234,
  ]

#### sparse_weight_applied
  Points: 46
  Min: 46.2381, Max: 100.0000, Mean: 90.1648
  Data: [
    46.2381, 89.1818, 100.0000, 69.8571, 69.8571, 100.0000, 98.2000, 75.3077, 100.0000, 100.0000,
    75.3077, 100.0000, 100.0000, 75.3077, 100.0000, 100.0000, 81.6667, 100.0000, 100.0000, 100.0000,
    100.0000, 89.1818, 100.0000, 89.1818, 100.0000, 100.0000, 81.6667, 69.8571, 89.1818, 81.6667,
    98.2000, 89.1818, 65.1333, 100.0000, 100.0000, 98.2000, 75.3077, 100.0000, 100.0000, 81.6667,
    100.0000, 81.6667, 100.0000, 89.1818, 98.2000, 89.1818,
  ]

#### unweighted_reward_loss
  Points: 46
  Min: 0.1042, Max: 0.6159, Mean: 0.1591
  Data: [
    0.6159, 0.1433, 0.1197, 0.1490, 0.1821, 0.1477, 0.1613, 0.1548, 0.1492, 0.1363,
    0.1438, 0.1513, 0.1251, 0.1570, 0.1605, 0.1707, 0.1699, 0.1065, 0.1356, 0.1544,
    0.1306, 0.1549, 0.1314, 0.1560, 0.1362, 0.1750, 0.1473, 0.2013, 0.1718, 0.1256,
    0.1697, 0.1847, 0.1592, 0.1610, 0.1291, 0.1415, 0.1136, 0.1481, 0.1505, 0.1555,
    0.1299, 0.1509, 0.1042, 0.1670, 0.1336, 0.1555,
  ]

#### value_lambda_gap_abs_mean
  Points: 46
  Min: 0.3474, Max: 1.2544, Mean: 0.9136
  Data: [
    0.3474, 0.8379, 1.0006, 1.0096, 1.2206, 1.2154, 0.8230, 1.1934, 1.2544, 0.8223,
    0.9648, 1.0483, 0.7423, 0.9890, 1.1957, 0.8552, 1.0481, 0.8286, 1.1775, 0.9972,
    0.7725, 0.8779, 0.9316, 1.0046, 0.9063, 0.9036, 1.1478, 1.0841, 0.8116, 0.8011,
    0.8804, 0.7177, 0.8045, 0.7523, 0.8372, 0.9477, 0.8932, 0.8065, 0.8315, 0.6840,
    0.7448, 1.1998, 0.6695, 0.8313, 0.8944, 0.7207,
  ]

#### value_lambda_gap_mean
  Points: 46
  Min: -0.1662, Max: 0.3023, Mean: 0.1132
  Data: [
    -0.1662, 0.1626, 0.3023, 0.1616, 0.1776, 0.1297, 0.0990, 0.0264, 0.1112, 0.0939,
    0.0983, 0.1690, 0.0946, 0.2276, -0.0273, 0.2771, 0.1551, 0.0992, 0.2892, 0.1125,
    0.1091, 0.1161, 0.2014, 0.1449, 0.0614, 0.1383, 0.1882, 0.1985, 0.0484, 0.0384,
    0.1835, -0.0335, 0.0504, 0.1954, 0.1072, 0.1981, 0.1017, 0.0957, -0.0388, -0.0322,
    0.1596, 0.0934, 0.0000, 0.0637, 0.1873, 0.0392,
  ]

#### weighted_reward_loss
  Points: 46
  Min: 0.2831, Max: 1.2992, Mean: 0.3573
  Data: [
    1.2992, 0.3515, 0.3100, 0.3439, 0.3708, 0.2985, 0.3606, 0.3600, 0.3442, 0.3209,
    0.3396, 0.3150, 0.2831, 0.3517, 0.3497, 0.3431, 0.3561, 0.2969, 0.3279, 0.3435,
    0.3103, 0.3518, 0.3041, 0.3436, 0.3092, 0.2981, 0.3437, 0.3790, 0.3621, 0.3325,
    0.3626, 0.3648, 0.3518, 0.3315, 0.3265, 0.3466, 0.3279, 0.3298, 0.3369, 0.3474,
    0.2966, 0.3458, 0.2918, 0.3664, 0.3595, 0.3510,
  ]

