================================================================================
W&B RUN DATA: summit-final24h-league80-local-seed42-20260224_173827_weak_seed42_20260224_173829
================================================================================

## RUN METADATA
Run ID: vradwt6k
Created: 2026-02-24T16:38:31Z
State: running
Duration: 14846.418038167 seconds

## CONFIGURATION
  [Environment]
    opponent: weak
  [Training]
    batch_size: 32
    batch_length: 32
    imagination_horizon: 15
    discount: 0.997
  [Entropy]
    entropy_scale: 0.0003
  [Self-Play]
    self_play_start: 1
    self_play_pool_size: 48
    self_play_save_interval: 200
    self_play_weak_ratio: 0.2
    use_pfsp: True
    pfsp_mode: variance
  [Architecture]
    recurrent_size: 256
    latent_length: 16
    latent_classes: 16
  [Meta]
    seed: 42
    algorithm: DreamerV3

## FINAL SUMMARY
  runtime: 4.12 hours (14846 seconds)

## NOTE: Data reduced (fraction=0.25, max_points=100)

## METRICS DATA

### STATS
#### buffer_size
  Points: 38
  Min: 1164.0000, Max: 137599.0000, Mean: 64243.0789
  Data: [
    1164.0000, 3594.0000, 6287.0000, 9937.0000, 13086.0000, 16915.0000, 19552.0000, 22456.0000, 26453.0000, 29316.0000,
    32163.0000, 35358.0000, 38726.0000, 42046.0000, 46259.0000, 49994.0000, 53525.0000, 56402.0000, 59895.0000, 63136.0000,
    67030.0000, 69838.0000, 73255.0000, 77670.0000, 82708.0000, 87071.0000, 90627.0000, 94616.0000, 98318.0000, 102303.0000,
    107089.0000, 110458.0000, 114183.0000, 118979.0000, 123583.0000, 128170.0000, 131476.0000, 137599.0000,
  ]

#### draws
  Points: 38
  Min: 0.0000, Max: 144.0000, Mean: 58.1053
  Data: [
    0.0000, 0.0000, 0.0000, 5.0000, 8.0000, 13.0000, 13.0000, 15.0000, 19.0000, 19.0000,
    22.0000, 26.0000, 26.0000, 29.0000, 37.0000, 39.0000, 44.0000, 45.0000, 48.0000, 52.0000,
    58.0000, 58.0000, 62.0000, 68.0000, 77.0000, 85.0000, 88.0000, 91.0000, 96.0000, 99.0000,
    104.0000, 107.0000, 110.0000, 118.0000, 123.0000, 129.0000, 131.0000, 144.0000,
  ]

#### env_steps
  Points: 38
  Min: 2299359.0000, Max: 2435794.0000, Mean: 2362438.0789
  Data: [
    2299359.0000, 2301789.0000, 2304482.0000, 2308132.0000, 2311281.0000, 2315110.0000, 2317747.0000, 2320651.0000, 2324648.0000, 2327511.0000,
    2330358.0000, 2333553.0000, 2336921.0000, 2340241.0000, 2344454.0000, 2348189.0000, 2351720.0000, 2354597.0000, 2358090.0000, 2361331.0000,
    2365225.0000, 2368033.0000, 2371450.0000, 2375865.0000, 2380903.0000, 2385266.0000, 2388822.0000, 2392811.0000, 2396513.0000, 2400498.0000,
    2405284.0000, 2408653.0000, 2412378.0000, 2417174.0000, 2421778.0000, 2426365.0000, 2429671.0000, 2435794.0000,
  ]

#### episodes
  Points: 38
  Min: 28837.0000, Max: 30367.0000, Mean: 29597.2632
  Data: [
    28837.0000, 28877.0000, 28917.0000, 28957.0000, 28997.0000, 29037.0000, 29077.0000, 29117.0000, 29167.0000, 29207.0000,
    29247.0000, 29287.0000, 29327.0000, 29367.0000, 29407.0000, 29457.0000, 29497.0000, 29537.0000, 29577.0000, 29617.0000,
    29657.0000, 29697.0000, 29737.0000, 29787.0000, 29827.0000, 29867.0000, 29907.0000, 29947.0000, 29987.0000, 30027.0000,
    30077.0000, 30117.0000, 30157.0000, 30197.0000, 30237.0000, 30277.0000, 30317.0000, 30367.0000,
  ]

#### gradient_steps
  Points: 38
  Min: 634016.0000, Max: 658496.0000, Mean: 646180.2105
  Data: [
    634016.0000, 634656.0000, 635296.0000, 635936.0000, 636576.0000, 637216.0000, 637856.0000, 638496.0000, 639296.0000, 639936.0000,
    640576.0000, 641216.0000, 641856.0000, 642496.0000, 643136.0000, 643936.0000, 644576.0000, 645216.0000, 645856.0000, 646496.0000,
    647136.0000, 647776.0000, 648416.0000, 649216.0000, 649856.0000, 650496.0000, 651136.0000, 651776.0000, 652416.0000, 653056.0000,
    653856.0000, 654496.0000, 655136.0000, 655776.0000, 656416.0000, 657056.0000, 657696.0000, 658496.0000,
  ]

#### losses
  Points: 38
  Min: 0.0000, Max: 265.0000, Mean: 141.8947
  Data: [
    0.0000, 10.0000, 15.0000, 24.0000, 33.0000, 43.0000, 54.0000, 62.0000, 72.0000, 82.0000,
    92.0000, 103.0000, 110.0000, 113.0000, 119.0000, 127.0000, 136.0000, 143.0000, 148.0000, 153.0000,
    158.0000, 164.0000, 169.0000, 174.0000, 183.0000, 188.0000, 196.0000, 203.0000, 206.0000, 210.0000,
    217.0000, 220.0000, 227.0000, 235.0000, 239.0000, 244.0000, 255.0000, 265.0000,
  ]

#### mean_reward
  Points: 38
  Min: 2.4354, Max: 9.5431, Mean: 4.4172
  Data: [
    9.5431, 4.0636, 5.2820, 4.5292, 3.9215, 3.0422, 2.4354, 3.1913, 4.2579, 4.0378,
    3.8370, 2.9255, 3.3933, 5.4547, 5.3001, 4.4663, 4.1219, 4.4281, 4.6061, 5.3961,
    5.2726, 4.8910, 5.2492, 5.3412, 3.9131, 2.9298, 3.0709, 3.9698, 4.8706, 5.8228,
    5.2212, 5.5550, 5.3916, 3.9014, 3.5856, 4.1374, 3.8861, 2.6129,
  ]

#### opponent_recent_selfplay_frac
  Points: 38
  Min: 0.7778, Max: 1.0000, Mean: 0.8247
  Data: [
    1.0000, 0.8293, 0.7778, 0.8099, 0.8261, 0.8200, 0.8200, 0.8300, 0.8350, 0.8250,
    0.8150, 0.8300, 0.8300, 0.8200, 0.8100, 0.8050, 0.8000, 0.8050, 0.8100, 0.8200,
    0.8450, 0.8650, 0.8550, 0.8350, 0.8500, 0.8200, 0.8000, 0.8000, 0.7900, 0.7900,
    0.8150, 0.7850, 0.8350, 0.8350, 0.8200, 0.8050, 0.8450, 0.8300,
  ]

#### opponent_recent_strong_frac
  Points: 38
  Min: 0.0000, Max: 0.1111, Mean: 0.0877
  Data: [
    0.0000, 0.0976, 0.1111, 0.0909, 0.0870, 0.0900, 0.0850, 0.0850, 0.0850, 0.0900,
    0.0950, 0.0850, 0.0850, 0.0900, 0.0950, 0.1000, 0.1050, 0.0950, 0.0950, 0.0900,
    0.0750, 0.0650, 0.0750, 0.0800, 0.0750, 0.0900, 0.1000, 0.1000, 0.1050, 0.1050,
    0.0900, 0.1050, 0.0800, 0.0800, 0.0900, 0.0950, 0.0750, 0.0900,
  ]

#### opponent_recent_weak_frac
  Points: 38
  Min: 0.0000, Max: 0.1111, Mean: 0.0876
  Data: [
    0.0000, 0.0732, 0.1111, 0.0992, 0.0870, 0.0900, 0.0950, 0.0850, 0.0800, 0.0850,
    0.0900, 0.0850, 0.0850, 0.0900, 0.0950, 0.0950, 0.0950, 0.1000, 0.0950, 0.0900,
    0.0800, 0.0700, 0.0700, 0.0850, 0.0750, 0.0900, 0.1000, 0.1000, 0.1050, 0.1050,
    0.0950, 0.1100, 0.0850, 0.0850, 0.0900, 0.1000, 0.0800, 0.0800,
  ]

#### opponent_recent_window
  Points: 38
  Min: 1.0000, Max: 200.0000, Mean: 184.3421
  Data: [
    1.0000, 41.0000, 81.0000, 121.0000, 161.0000, 200.0000, 200.0000, 200.0000, 200.0000, 200.0000,
    200.0000, 200.0000, 200.0000, 200.0000, 200.0000, 200.0000, 200.0000, 200.0000, 200.0000, 200.0000,
    200.0000, 200.0000, 200.0000, 200.0000, 200.0000, 200.0000, 200.0000, 200.0000, 200.0000, 200.0000,
    200.0000, 200.0000, 200.0000, 200.0000, 200.0000, 200.0000, 200.0000, 200.0000,
  ]

#### opponent_selfplay_count
  Points: 38
  Min: 1.0000, Max: 1258.0000, Mean: 624.1579
  Data: [
    1.0000, 34.0000, 63.0000, 98.0000, 133.0000, 165.0000, 198.0000, 229.0000, 273.0000, 305.0000,
    336.0000, 371.0000, 403.0000, 437.0000, 467.0000, 505.0000, 538.0000, 572.0000, 607.0000, 639.0000,
    674.0000, 711.0000, 743.0000, 783.0000, 817.0000, 847.0000, 879.0000, 909.0000, 941.0000, 975.0000,
    1019.0000, 1045.0000, 1083.0000, 1117.0000, 1149.0000, 1180.0000, 1214.0000, 1258.0000,
  ]

#### opponent_strong_count
  Points: 38
  Min: 0.0000, Max: 137.0000, Mean: 68.5263
  Data: [
    0.0000, 4.0000, 9.0000, 11.0000, 14.0000, 18.0000, 21.0000, 26.0000, 29.0000, 33.0000,
    38.0000, 40.0000, 44.0000, 47.0000, 52.0000, 58.0000, 62.0000, 64.0000, 67.0000, 71.0000,
    73.0000, 75.0000, 79.0000, 84.0000, 87.0000, 92.0000, 96.0000, 101.0000, 105.0000, 108.0000,
    111.0000, 118.0000, 119.0000, 122.0000, 126.0000, 130.0000, 133.0000, 137.0000,
  ]

#### opponent_weak_count
  Points: 38
  Min: 0.0000, Max: 136.0000, Mean: 68.5789
  Data: [
    0.0000, 3.0000, 9.0000, 12.0000, 14.0000, 18.0000, 22.0000, 26.0000, 29.0000, 33.0000,
    37.0000, 40.0000, 44.0000, 47.0000, 52.0000, 58.0000, 61.0000, 65.0000, 67.0000, 71.0000,
    74.0000, 75.0000, 79.0000, 84.0000, 87.0000, 92.0000, 96.0000, 101.0000, 105.0000, 108.0000,
    111.0000, 118.0000, 119.0000, 122.0000, 126.0000, 131.0000, 134.0000, 136.0000,
  ]

#### probe_loaded_count
  Points: 38
  Min: 21.0000, Max: 21.0000, Mean: 21.0000
  Data: [
    21.0000, 21.0000, 21.0000, 21.0000, 21.0000, 21.0000, 21.0000, 21.0000, 21.0000, 21.0000,
    21.0000, 21.0000, 21.0000, 21.0000, 21.0000, 21.0000, 21.0000, 21.0000, 21.0000, 21.0000,
    21.0000, 21.0000, 21.0000, 21.0000, 21.0000, 21.0000, 21.0000, 21.0000, 21.0000, 21.0000,
    21.0000, 21.0000, 21.0000, 21.0000, 21.0000, 21.0000, 21.0000, 21.0000,
  ]

#### probe_pending_count
  Points: 38
  Min: 0.0000, Max: 29.0000, Mean: 22.8684
  Data: [
    0.0000, 0.0000, 0.0000, 0.0000, 22.0000, 22.0000, 22.0000, 23.0000, 23.0000, 23.0000,
    24.0000, 24.0000, 24.0000, 24.0000, 24.0000, 24.0000, 25.0000, 25.0000, 25.0000, 25.0000,
    25.0000, 25.0000, 26.0000, 26.0000, 26.0000, 27.0000, 27.0000, 27.0000, 27.0000, 27.0000,
    27.0000, 28.0000, 28.0000, 28.0000, 29.0000, 29.0000, 29.0000, 29.0000,
  ]

#### win_rate
  Points: 38
  Min: 0.6300, Max: 1.0000, Mean: 0.7445
  Data: [
    1.0000, 0.7561, 0.8148, 0.7600, 0.7200, 0.6700, 0.6600, 0.7000, 0.7400, 0.7400,
    0.7300, 0.6700, 0.7000, 0.8100, 0.7800, 0.7300, 0.7300, 0.7500, 0.7600, 0.8000,
    0.7800, 0.7700, 0.7800, 0.7800, 0.6900, 0.6400, 0.6700, 0.7300, 0.7700, 0.8100,
    0.7900, 0.8100, 0.8000, 0.7100, 0.6800, 0.7100, 0.7200, 0.6300,
  ]

#### wins
  Points: 38
  Min: 1.0000, Max: 1122.0000, Mean: 561.2632
  Data: [
    1.0000, 31.0000, 66.0000, 92.0000, 120.0000, 145.0000, 174.0000, 204.0000, 240.0000, 270.0000,
    297.0000, 322.0000, 355.0000, 389.0000, 415.0000, 455.0000, 481.0000, 513.0000, 545.0000, 576.0000,
    605.0000, 639.0000, 670.0000, 709.0000, 731.0000, 758.0000, 787.0000, 817.0000, 849.0000, 882.0000,
    920.0000, 954.0000, 984.0000, 1008.0000, 1039.0000, 1068.0000, 1095.0000, 1122.0000,
  ]


### EPISODE
#### draw_rate_100
  Points: 38
  Min: 0.0000, Max: 0.0000, Mean: 0.0000
  Data: [
    0.0000, 0.0000, 0.0000, 0.0000, 0.0000, 0.0000, 0.0000, 0.0000, 0.0000, 0.0000,
    0.0000, 0.0000, 0.0000, 0.0000, 0.0000, 0.0000, 0.0000, 0.0000, 0.0000, 0.0000,
    0.0000, 0.0000, 0.0000, 0.0000, 0.0000, 0.0000, 0.0000, 0.0000, 0.0000, 0.0000,
    0.0000, 0.0000, 0.0000, 0.0000, 0.0000, 0.0000, 0.0000, 0.0000,
  ]

#### length_max
  Points: 38
  Min: 25.0000, Max: 251.0000, Mean: 244.3684
  Data: [
    25.0000, 235.0000, 241.0000, 251.0000, 251.0000, 251.0000, 251.0000, 251.0000, 251.0000, 251.0000,
    251.0000, 251.0000, 251.0000, 251.0000, 251.0000, 251.0000, 251.0000, 251.0000, 251.0000, 251.0000,
    251.0000, 251.0000, 251.0000, 251.0000, 251.0000, 251.0000, 251.0000, 251.0000, 251.0000, 251.0000,
    251.0000, 251.0000, 251.0000, 251.0000, 251.0000, 251.0000, 251.0000, 251.0000,
  ]

#### length_mean
  Points: 38
  Min: 25.0000, Max: 113.9000, Mean: 86.6414
  Data: [
    25.0000, 59.8780, 63.5556, 76.9900, 83.1900, 89.6200, 83.8600, 75.2400, 77.6300, 74.4500,
    71.5300, 75.0300, 80.0300, 81.4800, 93.7300, 90.9400, 84.2300, 78.7500, 81.5700, 81.6500,
    86.7700, 84.0600, 85.7100, 86.4700, 101.9400, 111.7800, 105.4400, 95.2800, 92.7800, 94.8800,
    98.9700, 92.5300, 88.8200, 103.7800, 113.9000, 113.8700, 101.0500, 105.9900,
  ]

#### length_min
  Points: 38
  Min: 18.0000, Max: 27.0000, Mean: 22.4474
  Data: [
    25.0000, 20.0000, 20.0000, 20.0000, 20.0000, 25.0000, 19.0000, 19.0000, 19.0000, 19.0000,
    23.0000, 20.0000, 20.0000, 22.0000, 20.0000, 20.0000, 18.0000, 18.0000, 18.0000, 26.0000,
    26.0000, 26.0000, 22.0000, 21.0000, 21.0000, 26.0000, 25.0000, 25.0000, 27.0000, 21.0000,
    21.0000, 24.0000, 26.0000, 26.0000, 26.0000, 26.0000, 27.0000, 26.0000,
  ]

#### length_std
  Points: 38
  Min: 0.0000, Max: 83.8345, Mean: 68.3032
  Data: [
    0.0000, 47.2994, 49.6683, 67.0284, 72.1009, 76.1938, 70.1024, 60.7349, 63.7446, 59.9901,
    56.8687, 64.9206, 68.3901, 67.1533, 77.5075, 75.5549, 68.1607, 64.7301, 67.6873, 65.7433,
    72.9431, 67.1345, 68.8218, 72.1675, 79.7722, 82.9355, 78.8740, 71.0840, 71.5299, 70.9590,
    72.7840, 71.2687, 68.2524, 78.1109, 83.8345, 82.4055, 77.8517, 81.2146,
  ]

#### reward_mean
  Points: 38
  Min: 2.4354, Max: 9.5431, Mean: 4.4172
  Data: [
    9.5431, 4.0636, 5.2820, 4.5292, 3.9215, 3.0422, 2.4354, 3.1913, 4.2579, 4.0378,
    3.8370, 2.9255, 3.3933, 5.4547, 5.3001, 4.4663, 4.1219, 4.4281, 4.6061, 5.3961,
    5.2726, 4.8910, 5.2492, 5.3412, 3.9131, 2.9298, 3.0709, 3.9698, 4.8706, 5.8228,
    5.2212, 5.5550, 5.3916, 3.9014, 3.5856, 4.1374, 3.8861, 2.6129,
  ]

#### reward_std
  Points: 38
  Min: 0.0000, Max: 9.4860, Mean: 7.9773
  Data: [
    0.0000, 8.9000, 8.0662, 8.3229, 8.6077, 9.0128, 9.4860, 9.1997, 8.4457, 8.7362,
    8.9029, 9.2192, 9.0161, 7.5943, 7.1820, 7.9948, 8.4651, 8.2007, 7.9437, 7.4339,
    7.4126, 7.8986, 7.5162, 7.2472, 8.0344, 8.8755, 8.9205, 8.4537, 7.8971, 6.8674,
    7.2872, 7.1751, 7.4857, 8.3029, 8.1256, 7.8945, 8.4191, 8.5924,
  ]

#### win_rate_100
  Points: 38
  Min: 0.6300, Max: 1.0000, Mean: 0.7445
  Data: [
    1.0000, 0.7561, 0.8148, 0.7600, 0.7200, 0.6700, 0.6600, 0.7000, 0.7400, 0.7400,
    0.7300, 0.6700, 0.7000, 0.8100, 0.7800, 0.7300, 0.7300, 0.7500, 0.7600, 0.8000,
    0.7800, 0.7700, 0.7800, 0.7800, 0.6900, 0.6400, 0.6700, 0.7300, 0.7700, 0.8100,
    0.7900, 0.8100, 0.8000, 0.7100, 0.6800, 0.7100, 0.7200, 0.6300,
  ]


### TIME
#### elapsed_hours
  Points: 38
  Min: 0.0036, Max: 4.0990, Mean: 2.0548
  Data: [
    0.0036, 0.0914, 0.1870, 0.2730, 0.3977, 0.4950, 0.5879, 0.7258, 0.8505, 1.0210,
    1.1709, 1.2710, 1.3851, 1.5220, 1.6134, 1.7242, 1.8502, 1.9358, 2.0255, 2.1504,
    2.2432, 2.3312, 2.4571, 2.5668, 2.6585, 2.7800, 2.8640, 2.9494, 3.0746, 3.2191,
    3.3312, 3.4551, 3.5466, 3.6382, 3.7684, 3.8641, 3.9528, 4.0990,
  ]

#### episodes_per_hour
  Points: 38
  Min: 7408.3110, Max: 8013141.7080, Mean: 243000.2758
  Data: [
    8013141.7080, 315988.0954, 154616.7812, 106051.7164, 72903.4483, 58661.6551, 49459.3794, 40119.3736, 34295.4620, 28604.8845,
    24977.6448, 23041.7182, 21173.7237, 19294.7258, 18226.9147, 17084.8106, 15942.4729, 15258.2358, 14601.9834, 13772.5220,
    13220.8921, 12739.2044, 12102.2853, 11604.7235, 11219.5395, 10743.5373, 10442.3217, 10153.7266, 9753.2136, 9327.7569,
    9028.9171, 8716.6433, 8503.0749, 8300.0596, 8023.7988, 7835.5306, 7669.6885, 7408.3110,
  ]

#### gradient_steps_per_second
  Points: 38
  Min: 44.6239, Max: 48938.4785, Mean: 1483.4614
  Data: [
    48938.4785, 1929.0991, 943.5763, 646.9564, 444.5727, 357.5911, 301.3833, 244.3786, 208.8067, 174.0954,
    151.9632, 140.1335, 128.7255, 117.2592, 110.7294, 103.7437, 96.7719, 92.5850, 88.5709, 83.5095,
    80.1358, 77.1884, 73.3030, 70.2578, 67.9016, 64.9977, 63.1529, 61.3858, 58.9436, 56.3525,
    54.5231, 52.6189, 51.3118, 50.0692, 48.3858, 47.2341, 46.2183, 44.6239,
  ]

#### steps_per_second
  Points: 38
  Min: 165.0651, Max: 177483.1091, Mean: 5382.2127
  Data: [
    177483.1091, 6996.5132, 3422.7424, 2348.1308, 1614.1551, 1299.1871, 1095.1222, 888.2083, 759.2759, 633.2023,
    552.8283, 509.9823, 468.6743, 427.1074, 403.6469, 378.3138, 353.0701, 337.8719, 323.3818, 305.0189,
    292.8893, 282.1727, 268.0907, 257.1149, 248.7738, 238.3362, 231.6890, 225.3606, 216.5170, 207.1401,
    200.5696, 193.6463, 188.9430, 184.5537, 178.5144, 174.4252, 170.7405, 165.0651,
  ]


### EVAL
#### combined_win_rate
  Points: 3
  Min: 0.9167, Max: 1.0000, Mean: 0.9583
  Data: [
    0.9167, 0.9583, 1.0000,
  ]

#### probe_mean_win_rate
  Points: 3
  Min: 0.7381, Max: 0.8929, Mean: 0.8135
  Data: [
    0.7381, 0.8095, 0.8929,
  ]

#### probe_min_win_rate
  Points: 3
  Min: 0.3750, Max: 0.6250, Mean: 0.4583
  Data: [
    0.3750, 0.3750, 0.6250,
  ]

#### 357k_0130_193448.pth
  Points: 3
  Min: 0.7500, Max: 0.8750, Mean: 0.8333
  Data: [
    0.7500, 0.8750, 0.8750,
  ]

#### 556k.pth
  Points: 3
  Min: 0.7500, Max: 1.0000, Mean: 0.8333
  Data: [
    0.7500, 1.0000, 0.7500,
  ]

#### 612k.pth
  Points: 3
  Min: 0.5000, Max: 0.7500, Mean: 0.6250
  Data: [
    0.6250, 0.5000, 0.7500,
  ]

#### 622k.pth
  Points: 3
  Min: 0.5000, Max: 0.8750, Mean: 0.6250
  Data: [
    0.5000, 0.5000, 0.8750,
  ]

#### 634k.pth
  Points: 3
  Min: 0.3750, Max: 0.8750, Mean: 0.6667
  Data: [
    0.7500, 0.3750, 0.8750,
  ]

#### dreamer_weak_seed42_20260124_141543_final.pth
  Points: 3
  Min: 0.3750, Max: 0.6250, Mean: 0.5417
  Data: [
    0.3750, 0.6250, 0.6250,
  ]

#### results_checkpoints_DreamerV3-dreamsmooth-seed42_weak_seed42_20260122_000848_120k.pth
  Points: 3
  Min: 0.7500, Max: 1.0000, Mean: 0.9167
  Data: [
    0.7500, 1.0000, 1.0000,
  ]

#### results_checkpoints_DreamerV3-mixed-selfplay-seed42_weak_seed42_20260124_144802_220k.pth
  Points: 3
  Min: 1.0000, Max: 1.0000, Mean: 1.0000
  Data: [
    1.0000, 1.0000, 1.0000,
  ]

#### results_checkpoints_DreamerV3-small-weak-seed43_weak_seed43_20260120_122246_50k.pth
  Points: 3
  Min: 0.7500, Max: 0.8750, Mean: 0.8333
  Data: [
    0.7500, 0.8750, 0.8750,
  ]

#### results_checkpoints__weak_seed42_20260223_031358_406k.pth
  Points: 3
  Min: 0.7500, Max: 0.8750, Mean: 0.8333
  Data: [
    0.7500, 0.8750, 0.8750,
  ]

#### results_checkpoints__weak_seed42_20260223_031428_456k.pth
  Points: 3
  Min: 0.7500, Max: 0.8750, Mean: 0.8333
  Data: [
    0.7500, 0.8750, 0.8750,
  ]

#### results_checkpoints__weak_seed42_20260223_040357_534k.pth
  Points: 3
  Min: 0.7500, Max: 1.0000, Mean: 0.8750
  Data: [
    0.7500, 1.0000, 0.8750,
  ]

#### results_checkpoints__weak_seed42_20260224_013546_558k.pth
  Points: 3
  Min: 0.5000, Max: 0.7500, Mean: 0.6667
  Data: [
    0.7500, 0.5000, 0.7500,
  ]

#### results_checkpoints__weak_seed42_20260224_040000_476k.pth
  Points: 3
  Min: 1.0000, Max: 1.0000, Mean: 1.0000
  Data: [
    1.0000, 1.0000, 1.0000,
  ]

#### results_checkpoints__weak_seed42_20260224_074312_480k.pth
  Points: 3
  Min: 0.7500, Max: 1.0000, Mean: 0.8750
  Data: [
    0.8750, 0.7500, 1.0000,
  ]

#### results_checkpoints__weak_seed42_20260224_074312_546k.pth
  Points: 3
  Min: 0.3750, Max: 1.0000, Mean: 0.7500
  Data: [
    0.3750, 0.8750, 1.0000,
  ]

#### results_checkpoints_balanced-finetune-DreamerV3-final-finetune-seed43_weak_seed43_20260125_215906_296k.pth
  Points: 3
  Min: 0.8750, Max: 1.0000, Mean: 0.9583
  Data: [
    0.8750, 1.0000, 1.0000,
  ]

#### results_checkpoints_balanced-finetune-DreamerV3-final-finetune-seed43_weak_seed43_20260125_230625_266k.pth
  Points: 3
  Min: 0.8750, Max: 1.0000, Mean: 0.9167
  Data: [
    0.8750, 1.0000, 0.8750,
  ]

#### results_checkpoints_dreamer_weak_seed43_20260125_133536_250k.pth
  Points: 3
  Min: 0.8750, Max: 1.0000, Mean: 0.9167
  Data: [
    0.8750, 0.8750, 1.0000,
  ]

#### results_checkpoints_dreamer_weak_seed43_20260125_133552_240k.pth
  Points: 3
  Min: 0.8750, Max: 1.0000, Mean: 0.9583
  Data: [
    1.0000, 1.0000, 0.8750,
  ]

#### results_checkpoints_summit-local-league80-20260224_010504_weak_seed42_20260224_010505_534k.pth
  Points: 3
  Min: 0.3750, Max: 1.0000, Mean: 0.6250
  Data: [
    0.3750, 0.5000, 1.0000,
  ]

#### robust_score
  Points: 3
  Min: 0.5649, Max: 0.7589, Mean: 0.6366
  Data: [
    0.5649, 0.5860, 0.7589,
  ]

#### strong_draws
  Points: 3
  Min: 0.0000, Max: 1.0000, Mean: 0.3333
  Data: [
    0.0000, 1.0000, 0.0000,
  ]

#### strong_losses
  Points: 3
  Min: 0.0000, Max: 1.0000, Mean: 0.3333
  Data: [
    1.0000, 0.0000, 0.0000,
  ]

#### strong_mean_reward
  Points: 3
  Min: 7.2311, Max: 9.1519, Mean: 8.2346
  Data: [
    7.2311, 8.3209, 9.1519,
  ]

#### strong_win_rate
  Points: 3
  Min: 0.9167, Max: 1.0000, Mean: 0.9444
  Data: [
    0.9167, 0.9167, 1.0000,
  ]

#### strong_wins
  Points: 3
  Min: 11.0000, Max: 12.0000, Mean: 11.3333
  Data: [
    11.0000, 11.0000, 12.0000,
  ]

#### weak_draws
  Points: 3
  Min: 0.0000, Max: 1.0000, Mean: 0.3333
  Data: [
    1.0000, 0.0000, 0.0000,
  ]

#### weak_losses
  Points: 3
  Min: 0.0000, Max: 0.0000, Mean: 0.0000
  Data: [
    0.0000, 0.0000, 0.0000,
  ]

#### weak_mean_reward
  Points: 3
  Min: 8.3951, Max: 9.6251, Mean: 9.1974
  Data: [
    8.3951, 9.6251, 9.5721,
  ]

#### weak_win_rate
  Points: 3
  Min: 0.9167, Max: 1.0000, Mean: 0.9722
  Data: [
    0.9167, 1.0000, 1.0000,
  ]

#### weak_wins
  Points: 3
  Min: 11.0000, Max: 12.0000, Mean: 11.6667
  Data: [
    11.0000, 12.0000, 12.0000,
  ]


### SELFPLAY
#### active
  Points: 38
  Min: 1.0000, Max: 1.0000, Mean: 1.0000
  Data: [
    1.0000, 1.0000, 1.0000, 1.0000, 1.0000, 1.0000, 1.0000, 1.0000, 1.0000, 1.0000,
    1.0000, 1.0000, 1.0000, 1.0000, 1.0000, 1.0000, 1.0000, 1.0000, 1.0000, 1.0000,
    1.0000, 1.0000, 1.0000, 1.0000, 1.0000, 1.0000, 1.0000, 1.0000, 1.0000, 1.0000,
    1.0000, 1.0000, 1.0000, 1.0000, 1.0000, 1.0000, 1.0000, 1.0000,
  ]

#### anchor_ratio_actual
  Points: 38
  Min: 0.0000, Max: 0.2222, Mean: 0.1762
  Data: [
    0.0000, 0.1707, 0.2222, 0.1901, 0.1739, 0.1791, 0.1784, 0.1851, 0.1752, 0.1779,
    0.1825, 0.1774, 0.1792, 0.1770, 0.1821, 0.1868, 0.1861, 0.1840, 0.1808, 0.1818,
    0.1790, 0.1742, 0.1754, 0.1767, 0.1756, 0.1785, 0.1793, 0.1818, 0.1825, 0.1814,
    0.1789, 0.1842, 0.1802, 0.1793, 0.1799, 0.1811, 0.1803, 0.1783,
  ]

#### anchor_strong_count
  Points: 38
  Min: 0.0000, Max: 137.0000, Mean: 68.5263
  Data: [
    0.0000, 4.0000, 9.0000, 11.0000, 14.0000, 18.0000, 21.0000, 26.0000, 29.0000, 33.0000,
    38.0000, 40.0000, 44.0000, 47.0000, 52.0000, 58.0000, 62.0000, 64.0000, 67.0000, 71.0000,
    73.0000, 75.0000, 79.0000, 84.0000, 87.0000, 92.0000, 96.0000, 101.0000, 105.0000, 108.0000,
    111.0000, 118.0000, 119.0000, 122.0000, 126.0000, 130.0000, 133.0000, 137.0000,
  ]

#### anchor_weak_count
  Points: 38
  Min: 0.0000, Max: 136.0000, Mean: 68.5789
  Data: [
    0.0000, 3.0000, 9.0000, 12.0000, 14.0000, 18.0000, 22.0000, 26.0000, 29.0000, 33.0000,
    37.0000, 40.0000, 44.0000, 47.0000, 52.0000, 58.0000, 61.0000, 65.0000, 67.0000, 71.0000,
    74.0000, 75.0000, 79.0000, 84.0000, 87.0000, 92.0000, 96.0000, 101.0000, 105.0000, 108.0000,
    111.0000, 118.0000, 119.0000, 122.0000, 126.0000, 131.0000, 134.0000, 136.0000,
  ]

#### anchor_weak_ratio
  Points: 38
  Min: 0.4959, Max: 0.5455, Mean: 0.5025
  Data: [
    0.5000, 0.5455, 0.5000, 0.5200, 0.5161, 0.5000, 0.5000, 0.5000, 0.5000, 0.5000,
    0.5065, 0.5060, 0.5000, 0.5000, 0.5000, 0.5000, 0.4959, 0.5039, 0.5000, 0.5000,
    0.5000, 0.5000, 0.5000, 0.5000, 0.5000, 0.5000, 0.5000, 0.5000, 0.4976, 0.5000,
    0.5000, 0.5000, 0.5000, 0.5000, 0.5000, 0.5019, 0.5019, 0.4982,
  ]

#### bootstrap_added_count
  Points: 38
  Min: 21.0000, Max: 21.0000, Mean: 21.0000
  Data: [
    21.0000, 21.0000, 21.0000, 21.0000, 21.0000, 21.0000, 21.0000, 21.0000, 21.0000, 21.0000,
    21.0000, 21.0000, 21.0000, 21.0000, 21.0000, 21.0000, 21.0000, 21.0000, 21.0000, 21.0000,
    21.0000, 21.0000, 21.0000, 21.0000, 21.0000, 21.0000, 21.0000, 21.0000, 21.0000, 21.0000,
    21.0000, 21.0000, 21.0000, 21.0000, 21.0000, 21.0000, 21.0000, 21.0000,
  ]

#### bootstrap_attempted
  Points: 38
  Min: 1.0000, Max: 1.0000, Mean: 1.0000
  Data: [
    1.0000, 1.0000, 1.0000, 1.0000, 1.0000, 1.0000, 1.0000, 1.0000, 1.0000, 1.0000,
    1.0000, 1.0000, 1.0000, 1.0000, 1.0000, 1.0000, 1.0000, 1.0000, 1.0000, 1.0000,
    1.0000, 1.0000, 1.0000, 1.0000, 1.0000, 1.0000, 1.0000, 1.0000, 1.0000, 1.0000,
    1.0000, 1.0000, 1.0000, 1.0000, 1.0000, 1.0000, 1.0000, 1.0000,
  ]

#### current_opponent_episode
  Points: 38
  Min: 7075.0000, Max: 30200.0000, Mean: 24320.1842
  Data: [
    22575.0000, 18944.0000, 18944.0000, 28069.0000, 14550.0000, 24069.0000, 23944.0000, 7075.0000, 29000.0000, 23944.0000,
    23944.0000, 11475.0000, 23944.0000, 24069.0000, 29400.0000, 24069.0000, 27444.0000, 29000.0000, 28819.0000, 11995.0000,
    23319.0000, 29600.0000, 28069.0000, 29400.0000, 28819.0000, 28069.0000, 28819.0000, 17675.0000, 28819.0000, 29200.0000,
    29000.0000, 17675.0000, 28836.0000, 29800.0000, 30200.0000, 29600.0000, 27444.0000, 14550.0000,
  ]

#### current_opponent_idx
  Points: 38
  Min: 0.0000, Max: 28.0000, Mean: 12.1053
  Data: [
    21.0000, 14.0000, 14.0000, 4.0000, 10.0000, 13.0000, 2.0000, 8.0000, 22.0000, 2.0000,
    2.0000, 1.0000, 2.0000, 13.0000, 24.0000, 13.0000, 3.0000, 22.0000, 5.0000, 18.0000,
    16.0000, 25.0000, 4.0000, 24.0000, 5.0000, 4.0000, 5.0000, 11.0000, 5.0000, 23.0000,
    22.0000, 11.0000, 0.0000, 26.0000, 28.0000, 25.0000, 3.0000, 10.0000,
  ]

#### episodes_since_activation
  Points: 38
  Min: 1.0000, Max: 1531.0000, Mean: 761.2632
  Data: [
    1.0000, 41.0000, 81.0000, 121.0000, 161.0000, 201.0000, 241.0000, 281.0000, 331.0000, 371.0000,
    411.0000, 451.0000, 491.0000, 531.0000, 571.0000, 621.0000, 661.0000, 701.0000, 741.0000, 781.0000,
    821.0000, 861.0000, 901.0000, 951.0000, 991.0000, 1031.0000, 1071.0000, 1111.0000, 1151.0000, 1191.0000,
    1241.0000, 1281.0000, 1321.0000, 1361.0000, 1401.0000, 1441.0000, 1481.0000, 1531.0000,
  ]

#### newest_opponent_episode
  Points: 38
  Min: 28836.0000, Max: 30200.0000, Mean: 29499.4737
  Data: [
    28836.0000, 28836.0000, 28836.0000, 28836.0000, 28836.0000, 29000.0000, 29000.0000, 29000.0000, 29000.0000, 29200.0000,
    29200.0000, 29200.0000, 29200.0000, 29200.0000, 29400.0000, 29400.0000, 29400.0000, 29400.0000, 29400.0000, 29600.0000,
    29600.0000, 29600.0000, 29600.0000, 29600.0000, 29800.0000, 29800.0000, 29800.0000, 29800.0000, 29800.0000, 30000.0000,
    30000.0000, 30000.0000, 30000.0000, 30000.0000, 30200.0000, 30200.0000, 30200.0000, 30200.0000,
  ]

#### oldest_opponent_episode
  Points: 38
  Min: 9.0000, Max: 9.0000, Mean: 9.0000
  Data: [
    9.0000, 9.0000, 9.0000, 9.0000, 9.0000, 9.0000, 9.0000, 9.0000, 9.0000, 9.0000,
    9.0000, 9.0000, 9.0000, 9.0000, 9.0000, 9.0000, 9.0000, 9.0000, 9.0000, 9.0000,
    9.0000, 9.0000, 9.0000, 9.0000, 9.0000, 9.0000, 9.0000, 9.0000, 9.0000, 9.0000,
    9.0000, 9.0000, 9.0000, 9.0000, 9.0000, 9.0000, 9.0000, 9.0000,
  ]

#### pfsp_avg_winrate
  Points: 37
  Min: 0.6000, Max: 0.7676, Mean: 0.7421
  Data: [
    0.6000, 0.7250, 0.6893, 0.7190, 0.6998, 0.7146, 0.7445, 0.7438, 0.7548, 0.7450,
    0.7361, 0.7521, 0.7628, 0.7457, 0.7463, 0.7445, 0.7560, 0.7594, 0.7591, 0.7594,
    0.7639, 0.7670, 0.7676, 0.7605, 0.7431, 0.7431, 0.7448, 0.7472, 0.7416, 0.7470,
    0.7510, 0.7560, 0.7543, 0.7536, 0.7578, 0.7560, 0.7451,
  ]

#### pfsp_max_winrate
  Points: 37
  Min: 0.8000, Max: 1.0000, Mean: 0.9946
  Data: [
    0.8000, 1.0000, 1.0000, 1.0000, 1.0000, 1.0000, 1.0000, 1.0000, 1.0000, 1.0000,
    1.0000, 1.0000, 1.0000, 1.0000, 1.0000, 1.0000, 1.0000, 1.0000, 1.0000, 1.0000,
    1.0000, 1.0000, 1.0000, 1.0000, 1.0000, 1.0000, 1.0000, 1.0000, 1.0000, 1.0000,
    1.0000, 1.0000, 1.0000, 1.0000, 1.0000, 1.0000, 1.0000,
  ]

#### pfsp_min_winrate
  Points: 37
  Min: 0.1000, Max: 0.4286, Mean: 0.2815
  Data: [
    0.4000, 0.4000, 0.2000, 0.1667, 0.1250, 0.1250, 0.1111, 0.1000, 0.2500, 0.2353,
    0.2778, 0.2778, 0.3158, 0.2857, 0.2500, 0.2500, 0.4074, 0.4000, 0.4000, 0.3939,
    0.4118, 0.4286, 0.4231, 0.4211, 0.2500, 0.2000, 0.1667, 0.1538, 0.2000, 0.2222,
    0.2857, 0.3478, 0.3077, 0.2963, 0.3226, 0.3226, 0.2857,
  ]

#### pfsp_num_tracked
  Points: 37
  Min: 2.0000, Max: 29.0000, Mean: 24.4324
  Data: [
    2.0000, 8.0000, 16.0000, 22.0000, 23.0000, 23.0000, 23.0000, 23.0000, 23.0000, 24.0000,
    24.0000, 24.0000, 24.0000, 25.0000, 25.0000, 25.0000, 25.0000, 25.0000, 26.0000, 26.0000,
    26.0000, 26.0000, 26.0000, 26.0000, 27.0000, 27.0000, 27.0000, 27.0000, 28.0000, 28.0000,
    28.0000, 28.0000, 28.0000, 29.0000, 29.0000, 29.0000, 29.0000,
  ]

#### pfsp_std_winrate
  Points: 37
  Min: 0.1808, Max: 0.2749, Mean: 0.2066
  Data: [
    0.2000, 0.2222, 0.2207, 0.2472, 0.2749, 0.2572, 0.2279, 0.2305, 0.2160, 0.2245,
    0.2153, 0.2025, 0.1937, 0.2103, 0.2201, 0.2168, 0.1894, 0.1898, 0.1858, 0.1883,
    0.1834, 0.1822, 0.1808, 0.1865, 0.2066, 0.2103, 0.2089, 0.2082, 0.2080, 0.2022,
    0.1972, 0.1902, 0.1928, 0.1869, 0.1847, 0.1857, 0.1961,
  ]

#### pool_size
  Points: 38
  Min: 22.0000, Max: 29.0000, Mean: 25.4737
  Data: [
    22.0000, 22.0000, 22.0000, 22.0000, 22.0000, 23.0000, 23.0000, 23.0000, 23.0000, 24.0000,
    24.0000, 24.0000, 24.0000, 24.0000, 25.0000, 25.0000, 25.0000, 25.0000, 25.0000, 26.0000,
    26.0000, 26.0000, 26.0000, 26.0000, 27.0000, 27.0000, 27.0000, 27.0000, 27.0000, 28.0000,
    28.0000, 28.0000, 28.0000, 28.0000, 29.0000, 29.0000, 29.0000, 29.0000,
  ]

#### prior_weight_max
  Points: 38
  Min: 1.0000, Max: 1.0000, Mean: 1.0000
  Data: [
    1.0000, 1.0000, 1.0000, 1.0000, 1.0000, 1.0000, 1.0000, 1.0000, 1.0000, 1.0000,
    1.0000, 1.0000, 1.0000, 1.0000, 1.0000, 1.0000, 1.0000, 1.0000, 1.0000, 1.0000,
    1.0000, 1.0000, 1.0000, 1.0000, 1.0000, 1.0000, 1.0000, 1.0000, 1.0000, 1.0000,
    1.0000, 1.0000, 1.0000, 1.0000, 1.0000, 1.0000, 1.0000, 1.0000,
  ]

#### prior_weight_mean
  Points: 38
  Min: 0.4440, Max: 0.5782, Mean: 0.5161
  Data: [
    0.4440, 0.4440, 0.4440, 0.4440, 0.4440, 0.4682, 0.4682, 0.4682, 0.4682, 0.4904,
    0.4904, 0.4904, 0.4904, 0.4904, 0.5108, 0.5108, 0.5108, 0.5108, 0.5108, 0.5296,
    0.5296, 0.5296, 0.5296, 0.5296, 0.5470, 0.5470, 0.5470, 0.5470, 0.5470, 0.5632,
    0.5632, 0.5632, 0.5632, 0.5632, 0.5782, 0.5782, 0.5782, 0.5782,
  ]

#### prior_weight_min
  Points: 38
  Min: 0.0490, Max: 0.0490, Mean: 0.0490
  Data: [
    0.0490, 0.0490, 0.0490, 0.0490, 0.0490, 0.0490, 0.0490, 0.0490, 0.0490, 0.0490,
    0.0490, 0.0490, 0.0490, 0.0490, 0.0490, 0.0490, 0.0490, 0.0490, 0.0490, 0.0490,
    0.0490, 0.0490, 0.0490, 0.0490, 0.0490, 0.0490, 0.0490, 0.0490, 0.0490, 0.0490,
    0.0490, 0.0490, 0.0490, 0.0490, 0.0490, 0.0490, 0.0490, 0.0490,
  ]

#### selfplay_count
  Points: 38
  Min: 1.0000, Max: 1258.0000, Mean: 624.1579
  Data: [
    1.0000, 34.0000, 63.0000, 98.0000, 133.0000, 165.0000, 198.0000, 229.0000, 273.0000, 305.0000,
    336.0000, 371.0000, 403.0000, 437.0000, 467.0000, 505.0000, 538.0000, 572.0000, 607.0000, 639.0000,
    674.0000, 711.0000, 743.0000, 783.0000, 817.0000, 847.0000, 879.0000, 909.0000, 941.0000, 975.0000,
    1019.0000, 1045.0000, 1083.0000, 1117.0000, 1149.0000, 1180.0000, 1214.0000, 1258.0000,
  ]

#### selfplay_ratio_actual
  Points: 38
  Min: 0.7778, Max: 1.0000, Mean: 0.8238
  Data: [
    1.0000, 0.8293, 0.7778, 0.8099, 0.8261, 0.8209, 0.8216, 0.8149, 0.8248, 0.8221,
    0.8175, 0.8226, 0.8208, 0.8230, 0.8179, 0.8132, 0.8139, 0.8160, 0.8192, 0.8182,
    0.8210, 0.8258, 0.8246, 0.8233, 0.8244, 0.8215, 0.8207, 0.8182, 0.8175, 0.8186,
    0.8211, 0.8158, 0.8198, 0.8207, 0.8201, 0.8189, 0.8197, 0.8217,
  ]

#### weak_ratio_target
  Points: 38
  Min: 0.2000, Max: 0.2000, Mean: 0.2000
  Data: [
    0.2000, 0.2000, 0.2000, 0.2000, 0.2000, 0.2000, 0.2000, 0.2000, 0.2000, 0.2000,
    0.2000, 0.2000, 0.2000, 0.2000, 0.2000, 0.2000, 0.2000, 0.2000, 0.2000, 0.2000,
    0.2000, 0.2000, 0.2000, 0.2000, 0.2000, 0.2000, 0.2000, 0.2000, 0.2000, 0.2000,
    0.2000, 0.2000, 0.2000, 0.2000, 0.2000, 0.2000, 0.2000, 0.2000,
  ]

#### winrate_middle_third
  Points: 37
  Min: 0.5000, Max: 0.8250, Mean: 0.7569
  Data: [
    0.5000, 0.7059, 0.6897, 0.7442, 0.7069, 0.7101, 0.7160, 0.6957, 0.7156, 0.7317,
    0.7266, 0.7383, 0.7562, 0.7633, 0.7650, 0.7500, 0.7500, 0.7500, 0.7650, 0.7700,
    0.7750, 0.7700, 0.7800, 0.7750, 0.7750, 0.7800, 0.7950, 0.7950, 0.8050, 0.8000,
    0.8050, 0.8150, 0.8250, 0.8250, 0.8200, 0.8100, 0.8050,
  ]

#### winrate_newest_third
  Points: 38
  Min: 0.5150, Max: 0.8947, Mean: 0.6400
  Data: [
    0.8571, 0.8947, 0.8571, 0.8485, 0.8095, 0.7391, 0.7500, 0.7288, 0.7164, 0.7222,
    0.6582, 0.6364, 0.6465, 0.6606, 0.6356, 0.6231, 0.6276, 0.6364, 0.6273, 0.6221,
    0.6129, 0.6231, 0.6100, 0.5850, 0.5500, 0.5350, 0.5300, 0.5450, 0.5600, 0.5450,
    0.5550, 0.5600, 0.5500, 0.5350, 0.5400, 0.5350, 0.5350, 0.5150,
  ]

#### winrate_oldest_third
  Points: 38
  Min: 0.5672, Max: 0.8100, Mean: 0.6925
  Data: [
    0.6000, 0.6471, 0.6296, 0.5897, 0.5741, 0.5672, 0.5952, 0.6146, 0.6126, 0.6190,
    0.6014, 0.6081, 0.6250, 0.6379, 0.6304, 0.6425, 0.6400, 0.6550, 0.6750, 0.7000,
    0.7050, 0.7350, 0.7400, 0.7500, 0.7600, 0.7600, 0.7750, 0.7800, 0.7800, 0.7800,
    0.8000, 0.8100, 0.8100, 0.7850, 0.7850, 0.7800, 0.7600, 0.7550,
  ]

#### winrate_vs_pool_overall
  Points: 38
  Min: 0.6580, Max: 0.7778, Mean: 0.6938
  Data: [
    0.7778, 0.7250, 0.7260, 0.7075, 0.7000, 0.6705, 0.6634, 0.6793, 0.6740, 0.6754,
    0.6628, 0.6587, 0.6740, 0.6854, 0.6800, 0.6820, 0.6720, 0.6760, 0.6820, 0.6900,
    0.7000, 0.7060, 0.7080, 0.7140, 0.6960, 0.7060, 0.7080, 0.6960, 0.6960, 0.7060,
    0.7080, 0.7160, 0.7160, 0.6960, 0.6960, 0.6960, 0.6820, 0.6580,
  ]


### WORLD
#### continue_actual_mean
  Points: 38
  Min: 0.9768, Max: 0.9919, Mean: 0.9872
  Data: [
    0.9829, 0.9808, 0.9869, 0.9899, 0.9768, 0.9849, 0.9889, 0.9879, 0.9869, 0.9909,
    0.9899, 0.9849, 0.9869, 0.9909, 0.9859, 0.9879, 0.9879, 0.9869, 0.9829, 0.9869,
    0.9889, 0.9889, 0.9909, 0.9859, 0.9899, 0.9879, 0.9889, 0.9879, 0.9879, 0.9849,
    0.9899, 0.9859, 0.9899, 0.9829, 0.9839, 0.9889, 0.9919, 0.9889,
  ]

#### continue_loss
  Points: 38
  Min: 0.0001, Max: 0.0177, Mean: 0.0027
  Data: [
    0.0018, 0.0006, 0.0001, 0.0001, 0.0177, 0.0027, 0.0001, 0.0001, 0.0005, 0.0058,
    0.0003, 0.0006, 0.0001, 0.0001, 0.0049, 0.0005, 0.0019, 0.0003, 0.0010, 0.0007,
    0.0058, 0.0017, 0.0002, 0.0010, 0.0003, 0.0006, 0.0002, 0.0036, 0.0069, 0.0005,
    0.0114, 0.0017, 0.0090, 0.0003, 0.0086, 0.0003, 0.0020, 0.0081,
  ]

#### continue_pred_mean
  Points: 38
  Min: 0.9768, Max: 0.9926, Mean: 0.9869
  Data: [
    0.9825, 0.9812, 0.9869, 0.9899, 0.9768, 0.9837, 0.9889, 0.9879, 0.9865, 0.9901,
    0.9896, 0.9849, 0.9869, 0.9910, 0.9872, 0.9883, 0.9867, 0.9870, 0.9832, 0.9863,
    0.9867, 0.9878, 0.9909, 0.9855, 0.9899, 0.9875, 0.9888, 0.9867, 0.9865, 0.9849,
    0.9907, 0.9851, 0.9880, 0.9827, 0.9852, 0.9887, 0.9926, 0.9896,
  ]

#### kl_loss
  Points: 38
  Min: 2.6335, Max: 5.4053, Mean: 4.0795
  Data: [
    2.6335, 3.2143, 3.4602, 3.3743, 3.9974, 3.7401, 3.8799, 3.8347, 3.9335, 4.5423,
    4.0208, 4.0733, 4.0755, 3.9121, 4.1919, 5.4053, 3.9935, 3.9968, 4.1684, 4.4211,
    4.0976, 4.2530, 4.1887, 4.2632, 4.4270, 4.1945, 4.0981, 4.1866, 4.5741, 3.9985,
    4.3885, 4.1325, 4.3695, 4.0336, 4.3967, 4.0477, 4.3105, 4.1915,
  ]

#### latent_entropy
  Points: 38
  Min: 1.3454, Max: 1.4730, Mean: 1.4287
  Data: [
    1.4345, 1.4207, 1.4127, 1.4470, 1.3886, 1.3882, 1.4491, 1.4082, 1.4201, 1.4254,
    1.4277, 1.3979, 1.4152, 1.4214, 1.4235, 1.3454, 1.4150, 1.4371, 1.3983, 1.4022,
    1.4246, 1.4386, 1.4587, 1.3983, 1.4463, 1.4506, 1.4305, 1.4607, 1.4323, 1.4260,
    1.4583, 1.4482, 1.4598, 1.4212, 1.4565, 1.4715, 1.4730, 1.4556,
  ]

#### loss
  Points: 38
  Min: 19.6724, Max: 22.6826, Mean: 21.2454
  Data: [
    19.6724, 20.3795, 20.6080, 20.4944, 21.1645, 20.9043, 21.0641, 20.9636, 21.1326, 21.7175,
    21.2175, 21.2378, 21.2549, 21.0460, 21.3420, 22.6826, 21.1369, 21.1303, 21.3345, 21.6137,
    21.2547, 21.4400, 21.3307, 21.4386, 21.6041, 21.3502, 21.2688, 21.3856, 21.8079, 21.1201,
    21.5939, 21.3156, 21.5886, 21.2029, 21.5517, 21.1835, 21.4479, 21.3443,
  ]

#### prior_posterior_kl
  Points: 38
  Min: 0.2106, Max: 0.3696, Mean: 0.2940
  Data: [
    0.2106, 0.2443, 0.2584, 0.2537, 0.2892, 0.2743, 0.2828, 0.2800, 0.2858, 0.3204,
    0.2909, 0.2938, 0.2938, 0.2846, 0.3004, 0.3696, 0.2892, 0.2894, 0.2992, 0.3135,
    0.2950, 0.3040, 0.3003, 0.3045, 0.3138, 0.3005, 0.2951, 0.3003, 0.3222, 0.2894,
    0.3117, 0.2971, 0.3106, 0.2915, 0.3121, 0.2922, 0.3073, 0.3005,
  ]

#### recon_error_max
  Points: 38
  Min: 0.2454, Max: 2.1967, Mean: 0.7082
  Data: [
    0.8393, 0.5561, 0.5240, 0.4877, 0.3682, 0.4721, 1.8486, 0.2454, 1.5966, 0.5523,
    1.4986, 0.7325, 1.0445, 0.5107, 0.3668, 0.5752, 0.4606, 0.4683, 0.3315, 0.4594,
    0.7291, 0.4696, 0.7301, 1.3953, 0.3940, 0.6350, 0.5672, 0.7512, 2.1967, 0.3136,
    0.4742, 0.6873, 0.5040, 0.9962, 0.5392, 0.4171, 0.4076, 0.7643,
  ]

#### recon_error_mean
  Points: 38
  Min: 0.0204, Max: 0.0418, Mean: 0.0312
  Data: [
    0.0204, 0.0280, 0.0296, 0.0281, 0.0287, 0.0292, 0.0333, 0.0290, 0.0338, 0.0350,
    0.0346, 0.0304, 0.0308, 0.0298, 0.0299, 0.0418, 0.0293, 0.0296, 0.0300, 0.0329,
    0.0316, 0.0318, 0.0298, 0.0323, 0.0329, 0.0321, 0.0313, 0.0326, 0.0352, 0.0267,
    0.0343, 0.0315, 0.0339, 0.0325, 0.0295, 0.0293, 0.0307, 0.0318,
  ]

#### recon_error_std
  Points: 38
  Min: 0.0300, Max: 0.0813, Mean: 0.0462
  Data: [
    0.0421, 0.0411, 0.0418, 0.0413, 0.0336, 0.0400, 0.0733, 0.0326, 0.0742, 0.0449,
    0.0726, 0.0463, 0.0479, 0.0363, 0.0387, 0.0503, 0.0380, 0.0415, 0.0353, 0.0389,
    0.0508, 0.0405, 0.0430, 0.0613, 0.0416, 0.0435, 0.0437, 0.0513, 0.0813, 0.0300,
    0.0413, 0.0506, 0.0421, 0.0611, 0.0419, 0.0384, 0.0354, 0.0455,
  ]

#### recon_loss
  Points: 38
  Min: 16.7245, Max: 16.9169, Mean: 16.8213
  Data: [
    16.7245, 16.7931, 16.8077, 16.7939, 16.7990, 16.8038, 16.8404, 16.8015, 16.8453, 16.8563,
    16.8520, 16.8147, 16.8183, 16.8093, 16.8102, 16.9169, 16.8048, 16.8070, 16.8106, 16.8370,
    16.8251, 16.8275, 16.8088, 16.8320, 16.8371, 16.8294, 16.8224, 16.8342, 16.8576, 16.7814,
    16.8496, 16.8245, 16.8460, 16.8330, 16.8066, 16.8044, 16.8176, 16.8274,
  ]

#### reward_actual_mean
  Points: 38
  Min: -0.0076, Max: 0.1646, Mean: 0.0616
  Data: [
    0.1646, 0.0280, 0.0756, 0.0644, 0.1170, 0.0528, 0.0350, 0.0697, 0.0524, 0.0270,
    0.0240, 0.0756, 0.0329, 0.0383, 0.1058, 0.0244, 0.0751, 0.1183, 0.1050, 0.0299,
    0.0694, 0.0428, 0.0349, 0.0862, 0.0336, 0.0772, 0.0350, 0.0438, 0.0522, 0.0966,
    -0.0076, 0.0756, 0.0416, 0.0990, 0.0965, 0.0577, 0.0277, 0.0646,
  ]

#### reward_loss
  Points: 38
  Min: 0.3127, Max: 0.3716, Mean: 0.3419
  Data: [
    0.3127, 0.3716, 0.3400, 0.3262, 0.3504, 0.3578, 0.3438, 0.3273, 0.3533, 0.3130,
    0.3444, 0.3491, 0.3611, 0.3245, 0.3350, 0.3599, 0.3367, 0.3261, 0.3546, 0.3549,
    0.3263, 0.3579, 0.3330, 0.3424, 0.3397, 0.3257, 0.3481, 0.3611, 0.3692, 0.3397,
    0.3444, 0.3569, 0.3640, 0.3360, 0.3398, 0.3312, 0.3177, 0.3172,
  ]

#### reward_pred_error_mean
  Points: 38
  Min: 0.0031, Max: 0.0469, Mean: 0.0167
  Data: [
    0.0469, 0.0092, 0.0156, 0.0094, 0.0255, 0.0215, 0.0033, 0.0031, 0.0071, 0.0191,
    0.0151, 0.0315, 0.0038, 0.0053, 0.0119, 0.0053, 0.0216, 0.0107, 0.0307, 0.0206,
    0.0282, 0.0180, 0.0089, 0.0236, 0.0097, 0.0151, 0.0127, 0.0187, 0.0428, 0.0057,
    0.0135, 0.0388, 0.0257, 0.0171, 0.0129, 0.0082, 0.0049, 0.0146,
  ]

#### reward_pred_error_std
  Points: 38
  Min: 0.0108, Max: 0.6089, Mean: 0.2690
  Data: [
    0.5927, 0.1416, 0.2971, 0.1628, 0.4509, 0.3545, 0.0108, 0.0267, 0.0894, 0.3655,
    0.3086, 0.4288, 0.0184, 0.0563, 0.2284, 0.0370, 0.4025, 0.1588, 0.4397, 0.2614,
    0.4689, 0.3147, 0.1613, 0.4310, 0.2140, 0.2789, 0.2412, 0.3326, 0.6089, 0.0485,
    0.2784, 0.5462, 0.4487, 0.2816, 0.2813, 0.1076, 0.0498, 0.2960,
  ]

#### reward_pred_mean
  Points: 38
  Min: -0.0011, Max: 0.2104, Mean: 0.0676
  Data: [
    0.2104, 0.0224, 0.0890, 0.0690, 0.0992, 0.0483, 0.0358, 0.0707, 0.0489, 0.0315,
    0.0339, 0.0622, 0.0323, 0.0401, 0.1119, 0.0268, 0.0767, 0.1262, 0.1313, 0.0420,
    0.0938, 0.0396, 0.0309, 0.0846, 0.0407, 0.0894, 0.0311, 0.0391, 0.0907, 0.0950,
    -0.0011, 0.0883, 0.0604, 0.1086, 0.1068, 0.0574, 0.0286, 0.0751,
  ]


### BEHAVIOR
#### actor_loss
  Points: 38
  Min: -0.0272, Max: 0.0887, Mean: -0.0006
  Data: [
    0.0887, 0.0013, 0.0086, -0.0154, -0.0060, 0.0042, -0.0072, 0.0003, 0.0065, -0.0038,
    0.0064, -0.0099, -0.0109, -0.0092, -0.0043, -0.0180, -0.0004, 0.0097, -0.0050, -0.0272,
    0.0053, -0.0015, -0.0035, -0.0029, -0.0039, 0.0028, -0.0077, -0.0010, -0.0107, -0.0027,
    -0.0026, -0.0036, 0.0129, -0.0018, -0.0034, -0.0106, 0.0061, -0.0005,
  ]

#### actor_mean_abs
  Points: 38
  Min: 0.3762, Max: 0.4742, Mean: 0.4221
  Data: [
    0.3762, 0.4742, 0.4398, 0.3958, 0.4185, 0.4127, 0.4039, 0.4038, 0.4211, 0.4076,
    0.4123, 0.4077, 0.4422, 0.3937, 0.4037, 0.4293, 0.4004, 0.4293, 0.4712, 0.4446,
    0.4169, 0.4470, 0.4272, 0.4326, 0.4070, 0.3985, 0.4263, 0.4221, 0.4231, 0.4063,
    0.4221, 0.4357, 0.4637, 0.4038, 0.4206, 0.4283, 0.4313, 0.4383,
  ]

#### advantages_abs_mean
  Points: 38
  Min: 0.0790, Max: 1.1339, Mean: 0.1356
  Data: [
    1.1339, 0.1244, 0.1102, 0.1087, 0.1087, 0.1184, 0.1031, 0.1146, 0.1091, 0.1152,
    0.1110, 0.1073, 0.1094, 0.0905, 0.0858, 0.1069, 0.1234, 0.1150, 0.1579, 0.1286,
    0.1060, 0.1039, 0.0920, 0.0934, 0.0930, 0.0790, 0.0817, 0.0917, 0.0918, 0.0829,
    0.0978, 0.1272, 0.1741, 0.0987, 0.1100, 0.1020, 0.1183, 0.1257,
  ]

#### advantages_max
  Points: 38
  Min: 1.2692, Max: 50.8031, Mean: 3.2639
  Data: [
    50.8031, 1.9132, 1.6517, 2.3545, 3.4809, 2.0623, 2.4397, 1.9707, 1.5437, 1.6691,
    1.5933, 1.9226, 1.9599, 1.7403, 1.7117, 1.8390, 1.7409, 1.6132, 2.0574, 2.3434,
    2.0637, 1.9335, 2.3832, 1.5803, 1.7467, 1.6051, 1.4593, 1.5788, 1.2692, 1.7217,
    2.1461, 2.1061, 2.4105, 2.1285, 2.4936, 1.8060, 2.4007, 2.7855,
  ]

#### advantages_mean
  Points: 38
  Min: -0.0122, Max: 0.2870, Mean: 0.0216
  Data: [
    0.2870, 0.0213, 0.0328, 0.0295, 0.0117, -0.0050, 0.0311, 0.0139, 0.0156, 0.0075,
    0.0159, 0.0228, 0.0126, 0.0112, 0.0183, 0.0379, 0.0226, 0.0112, 0.0330, 0.0079,
    0.0159, 0.0097, 0.0046, -0.0122, 0.0081, 0.0244, 0.0070, -0.0010, 0.0130, 0.0073,
    0.0169, 0.0091, 0.0068, 0.0097, 0.0222, 0.0147, 0.0124, 0.0137,
  ]

#### advantages_min
  Points: 38
  Min: -20.6426, Max: -1.4348, Mean: -3.1378
  Data: [
    -20.6426, -3.1341, -2.6619, -2.3000, -3.7616, -2.8311, -2.4416, -2.6995, -2.4864, -3.1488,
    -2.1239, -2.8730, -1.7743, -3.0816, -1.9292, -1.7469, -2.5682, -2.8260, -2.8580, -2.5371,
    -3.7590, -2.8867, -3.1806, -3.4987, -2.6166, -1.4348, -1.6280, -2.0122, -2.3323, -2.5335,
    -2.8074, -2.7421, -3.3495, -3.2343, -2.5569, -2.5718, -2.6848, -2.9805,
  ]

#### advantages_std
  Points: 38
  Min: 0.1384, Max: 3.1062, Mean: 0.2889
  Data: [
    3.1062, 0.2426, 0.1954, 0.2238, 0.2426, 0.2602, 0.2052, 0.2324, 0.1994, 0.2400,
    0.2097, 0.2051, 0.2049, 0.1712, 0.1658, 0.1849, 0.2422, 0.2046, 0.2640, 0.2415,
    0.2267, 0.2123, 0.2053, 0.2386, 0.1837, 0.1446, 0.1384, 0.1885, 0.1762, 0.1697,
    0.2059, 0.2373, 0.3194, 0.2045, 0.2121, 0.1813, 0.2268, 0.2660,
  ]

#### critic_loss
  Points: 38
  Min: 0.6440, Max: 1.3277, Mean: 1.0739
  Data: [
    0.6440, 1.2573, 1.1656, 1.0516, 1.0481, 1.0742, 1.0491, 1.0489, 1.1975, 1.1890,
    1.2088, 1.2380, 1.2308, 1.1065, 1.0712, 1.1801, 1.0865, 1.1304, 1.2436, 1.1128,
    0.9644, 0.9718, 0.9237, 0.9474, 0.9940, 1.0025, 1.0661, 1.1658, 1.0608, 0.9464,
    0.9967, 1.1794, 1.3277, 0.8571, 0.9527, 0.9981, 1.0763, 1.0425,
  ]

#### entropy_max
  Points: 38
  Min: 7.5199, Max: 7.6680, Mean: 7.6265
  Data: [
    7.6680, 7.6656, 7.6584, 7.6555, 7.6533, 7.6576, 7.6428, 7.6523, 7.6290, 7.6453,
    7.6370, 7.6506, 7.6328, 7.6331, 7.6031, 7.6279, 7.5814, 7.6088, 7.6191, 7.6282,
    7.5744, 7.6092, 7.6190, 7.6283, 7.6306, 7.6149, 7.5939, 7.5199, 7.6096, 7.5865,
    7.6332, 7.6313, 7.6385, 7.6077, 7.6523, 7.6586, 7.6266, 7.6239,
  ]

#### entropy_mean
  Points: 38
  Min: 2.5114, Max: 3.1791, Mean: 2.8131
  Data: [
    3.1362, 2.7981, 2.9322, 3.0339, 2.8729, 2.8786, 2.8553, 2.9580, 2.7895, 2.9553,
    2.8969, 2.8548, 2.5114, 2.9442, 2.7735, 2.8489, 3.1791, 2.9381, 2.7496, 2.9614,
    2.7729, 2.8594, 2.9145, 2.9396, 2.9259, 2.6324, 2.5514, 2.7224, 2.6116, 2.8822,
    2.5558, 2.7601, 2.7764, 2.5423, 2.6529, 2.7903, 2.5782, 2.5631,
  ]

#### entropy_min
  Points: 38
  Min: 1.6758, Max: 1.6758, Mean: 1.6758
  Data: [
    1.6758, 1.6758, 1.6758, 1.6758, 1.6758, 1.6758, 1.6758, 1.6758, 1.6758, 1.6758,
    1.6758, 1.6758, 1.6758, 1.6758, 1.6758, 1.6758, 1.6758, 1.6758, 1.6758, 1.6758,
    1.6758, 1.6758, 1.6758, 1.6758, 1.6758, 1.6758, 1.6758, 1.6758, 1.6758, 1.6758,
    1.6758, 1.6758, 1.6758, 1.6758, 1.6758, 1.6758, 1.6758, 1.6758,
  ]

#### entropy_std
  Points: 38
  Min: 1.1773, Max: 1.5399, Mean: 1.3732
  Data: [
    1.3877, 1.2942, 1.3388, 1.3556, 1.2692, 1.3243, 1.2997, 1.3813, 1.3287, 1.3574,
    1.4912, 1.3931, 1.2530, 1.5399, 1.3991, 1.3937, 1.5339, 1.4863, 1.3538, 1.5085,
    1.3656, 1.5351, 1.4221, 1.4373, 1.4662, 1.2847, 1.3327, 1.4038, 1.2776, 1.4620,
    1.2419, 1.3398, 1.4121, 1.1773, 1.3604, 1.3661, 1.3259, 1.2823,
  ]

#### logprobs_mean
  Points: 38
  Min: -0.6652, Max: -0.1536, Mean: -0.3725
  Data: [
    -0.6652, -0.1536, -0.2882, -0.4802, -0.4017, -0.4121, -0.4462, -0.4337, -0.3771, -0.4540,
    -0.4496, -0.4307, -0.2510, -0.5141, -0.4634, -0.3458, -0.5316, -0.3744, -0.1591, -0.2987,
    -0.3769, -0.2943, -0.3561, -0.3395, -0.4621, -0.4406, -0.3017, -0.3477, -0.3477, -0.4682,
    -0.3540, -0.3238, -0.1856, -0.4035, -0.3473, -0.3338, -0.2844, -0.2566,
  ]

#### logprobs_std
  Points: 38
  Min: 1.6200, Max: 1.9319, Mean: 1.7878
  Data: [
    1.6200, 1.9319, 1.9213, 1.8003, 1.8371, 1.7849, 1.7530, 1.7621, 1.7982, 1.7821,
    1.7395, 1.7411, 1.7270, 1.7388, 1.7569, 1.8070, 1.8020, 1.8151, 1.8778, 1.8587,
    1.7726, 1.8381, 1.7941, 1.8303, 1.7510, 1.7192, 1.7425, 1.7626, 1.7335, 1.7551,
    1.7425, 1.8544, 1.8697, 1.7293, 1.7855, 1.8168, 1.7720, 1.8127,
  ]

#### mean_reg_loss
  Points: 38
  Min: 0.0025, Max: 0.0041, Mean: 0.0033
  Data: [
    0.0025, 0.0041, 0.0037, 0.0030, 0.0033, 0.0032, 0.0031, 0.0031, 0.0033, 0.0032,
    0.0031, 0.0030, 0.0035, 0.0029, 0.0031, 0.0034, 0.0031, 0.0034, 0.0039, 0.0037,
    0.0033, 0.0036, 0.0034, 0.0034, 0.0031, 0.0030, 0.0033, 0.0033, 0.0032, 0.0031,
    0.0032, 0.0035, 0.0039, 0.0031, 0.0033, 0.0034, 0.0034, 0.0036,
  ]


### VALUES
#### critic_slow_diff
  Points: 38
  Min: 0.0891, Max: 0.5055, Mean: 0.2303
  Data: [
    0.1255, 0.1979, 0.2561, 0.3158, 0.3023, 0.1326, 0.1879, 0.1351, 0.2389, 0.1034,
    0.1294, 0.5055, 0.2402, 0.1498, 0.3227, 0.1659, 0.1399, 0.3052, 0.4150, 0.3467,
    0.1037, 0.3089, 0.1898, 0.1167, 0.1072, 0.3916, 0.1806, 0.1222, 0.1727, 0.1653,
    0.2991, 0.2441, 0.5034, 0.0891, 0.1111, 0.3191, 0.3519, 0.2595,
  ]

#### lambda_returns_max
  Points: 38
  Min: 17.0749, Max: 36.2785, Mean: 23.3125
  Data: [
    36.2785, 20.8416, 23.2268, 26.4409, 34.9385, 19.0009, 26.0821, 22.8826, 23.1077, 19.8210,
    19.0577, 23.2861, 28.2984, 24.5358, 25.8056, 19.5089, 19.1090, 22.1029, 23.5440, 18.7731,
    24.6461, 20.0730, 23.2981, 22.4265, 17.0749, 22.0153, 21.5085, 18.0904, 21.1380, 21.2094,
    29.2391, 27.6681, 26.4752, 18.5795, 21.1938, 22.7662, 25.5452, 26.2846,
  ]

#### lambda_returns_mean
  Points: 38
  Min: 6.9374, Max: 11.3778, Mean: 8.2487
  Data: [
    11.3778, 7.9842, 8.3330, 8.0141, 8.7274, 8.0347, 7.6817, 8.0723, 8.1365, 6.9374,
    7.4346, 7.3083, 8.0043, 8.4392, 7.2712, 7.5025, 7.6974, 8.4082, 8.8853, 7.9432,
    8.7739, 8.2905, 8.4719, 9.0881, 8.2855, 7.3029, 8.2372, 8.0425, 8.1133, 8.8143,
    8.6409, 8.6847, 8.6939, 8.5054, 8.6332, 8.6160, 8.4175, 7.6447,
  ]

#### lambda_returns_min
  Points: 38
  Min: -26.4079, Max: 6.4569, Mean: -15.7271
  Data: [
    6.4569, -18.4533, -16.2742, -13.6955, -17.3705, -14.9033, -12.8924, -11.6172, -14.4470, -19.0996,
    -16.3412, -26.4079, -15.4112, -20.8974, -17.5452, -14.5833, -11.1005, -18.9244, -11.0184, -16.5117,
    -19.0494, -17.9784, -19.5666, -20.1181, -12.4084, -10.1496, -11.9855, -15.4917, -19.8271, -19.2760,
    -12.2586, -19.2162, -23.4891, -16.7549, -15.0848, -11.7780, -18.8243, -13.3376,
  ]

#### lambda_returns_std
  Points: 38
  Min: 1.5821, Max: 3.7629, Mean: 2.8849
  Data: [
    1.5821, 3.7629, 3.0674, 2.6642, 3.0591, 3.4980, 2.5171, 2.8185, 3.2895, 3.0505,
    3.2382, 3.1526, 3.2960, 2.6549, 3.3550, 2.5324, 2.8738, 2.5202, 2.8228, 2.9511,
    2.8431, 2.9583, 2.9036, 3.3613, 2.5954, 2.1521, 2.6397, 3.0730, 2.4938, 2.9867,
    2.7164, 3.5897, 3.7111, 2.5238, 2.3410, 2.2513, 3.0230, 2.7557,
  ]

#### max
  Points: 38
  Min: 15.1201, Max: 20.9800, Mean: 16.9417
  Data: [
    20.9800, 18.8365, 17.3323, 20.2962, 16.8441, 17.1007, 16.2386, 19.0350, 16.6323, 15.1201,
    17.2699, 17.0729, 16.7487, 15.4929, 17.5884, 15.7143, 16.7095, 15.9377, 17.6043, 16.1020,
    17.0998, 15.2678, 16.1963, 16.4675, 16.4772, 15.8848, 15.4210, 16.3843, 16.1821, 16.5900,
    17.5605, 19.3133, 17.1120, 16.4590, 17.0880, 16.5687, 17.2680, 15.7872,
  ]

#### mean
  Points: 38
  Min: 6.8951, Max: 11.2488, Mean: 8.1523
  Data: [
    11.2488, 7.8360, 8.1072, 7.8390, 8.6498, 8.0799, 7.4867, 7.9846, 8.0180, 6.8951,
    7.3143, 7.1292, 7.9017, 8.3481, 7.1100, 7.2229, 7.5595, 8.3205, 8.6743, 7.9066,
    8.6807, 8.2434, 8.4557, 9.1849, 8.2393, 7.1302, 8.1847, 8.0632, 8.0069, 8.7603,
    8.5384, 8.6227, 8.6566, 8.4509, 8.5000, 8.5215, 8.3418, 7.5741,
  ]

#### min
  Points: 38
  Min: -16.0071, Max: 6.8327, Mean: -11.8987
  Data: [
    6.8327, -13.4529, -12.1645, -10.0143, -12.9082, -10.2316, -12.4256, -11.4901, -11.8012, -14.0349,
    -12.0821, -14.2404, -13.6304, -10.3071, -10.9258, -15.1076, -10.8869, -11.3445, -11.5869, -11.5362,
    -10.4297, -13.5137, -12.8560, -12.8465, -11.0584, -10.0423, -14.1533, -11.8871, -13.5812, -16.0071,
    -13.2133, -13.1244, -15.5633, -13.4941, -10.6701, -11.9376, -13.0745, -11.3595,
  ]

#### norm_high
  Points: 38
  Min: 1.8946, Max: 12.4821, Mean: 11.2230
  Data: [
    1.8946, 10.9013, 10.9761, 10.7152, 10.9244, 11.2450, 10.8084, 11.2156, 12.3612, 10.9673,
    11.2507, 11.1226, 11.1120, 11.1893, 11.4098, 11.0291, 11.1747, 11.1389, 11.2468, 11.2585,
    11.4352, 11.2664, 12.0946, 12.1929, 12.2006, 11.3261, 11.8217, 11.9490, 11.6732, 12.2294,
    11.7399, 12.2626, 12.4821, 11.4333, 11.4337, 11.8030, 11.6609, 11.5270,
  ]

#### norm_low
  Points: 38
  Min: 1.4641, Max: 5.5733, Mean: 4.2002
  Data: [
    1.4641, 3.3031, 3.6435, 4.4536, 4.4627, 4.8835, 4.3709, 4.7576, 3.9355, 3.5256,
    3.1253, 3.0321, 2.5907, 2.8823, 2.2951, 3.1282, 4.7101, 4.2436, 4.7632, 5.0326,
    4.9563, 4.9393, 5.3085, 5.2178, 4.9627, 4.1514, 3.1176, 2.7590, 3.5746, 4.2644,
    4.8181, 4.9188, 5.4037, 5.4887, 5.4091, 5.1548, 4.9851, 5.5733,
  ]

#### norm_scale
  Points: 38
  Min: 0.4305, Max: 9.1900, Mean: 7.0228
  Data: [
    0.4305, 7.5982, 7.3326, 6.2615, 6.4617, 6.3615, 6.4376, 6.4580, 8.4257, 7.4417,
    8.1254, 8.0905, 8.5213, 8.3070, 9.1147, 7.9010, 6.4645, 6.8953, 6.4836, 6.2259,
    6.4789, 6.3271, 6.7861, 6.9751, 7.2378, 7.1746, 8.7041, 9.1900, 8.0986, 7.9650,
    6.9218, 7.3438, 7.0784, 5.9445, 6.0246, 6.6482, 6.6758, 5.9537,
  ]

#### std
  Points: 38
  Min: 0.7654, Max: 3.2662, Mean: 2.4423
  Data: [
    0.7654, 3.2662, 2.8203, 2.4259, 2.5195, 2.9472, 2.1062, 2.3106, 2.8785, 2.4490,
    2.6721, 2.7138, 2.8222, 2.1990, 2.9176, 2.4275, 2.3850, 2.1863, 2.3275, 2.5832,
    2.3670, 2.4848, 2.4419, 2.5718, 2.3527, 1.8867, 2.4055, 2.4930, 1.9817, 2.6881,
    2.2476, 3.1595, 2.8983, 2.2420, 1.9385, 2.1354, 2.5437, 2.2461,
  ]


### IMAGINATION
#### continue_mean
  Points: 38
  Min: 0.9841, Max: 0.9917, Mean: 0.9878
  Data: [
    0.9851, 0.9852, 0.9875, 0.9881, 0.9841, 0.9857, 0.9906, 0.9860, 0.9862, 0.9911,
    0.9892, 0.9862, 0.9853, 0.9892, 0.9867, 0.9885, 0.9904, 0.9852, 0.9848, 0.9870,
    0.9881, 0.9889, 0.9916, 0.9850, 0.9898, 0.9896, 0.9884, 0.9890, 0.9881, 0.9869,
    0.9917, 0.9886, 0.9881, 0.9858, 0.9856, 0.9889, 0.9884, 0.9904,
  ]

#### continue_min
  Points: 38
  Min: 0.0000, Max: 0.0000, Mean: 0.0000
  Data: [
    0.0000, 0.0000, 0.0000, 0.0000, 0.0000, 0.0000, 0.0000, 0.0000, 0.0000, 0.0000,
    0.0000, 0.0000, 0.0000, 0.0000, 0.0000, 0.0000, 0.0000, 0.0000, 0.0000, 0.0000,
    0.0000, 0.0000, 0.0000, 0.0000, 0.0000, 0.0000, 0.0000, 0.0000, 0.0000, 0.0000,
    0.0000, 0.0000, 0.0000, 0.0000, 0.0000, 0.0000, 0.0000, 0.0000,
  ]

#### reward_abs_mean
  Points: 38
  Min: 0.1056, Max: 0.2072, Mean: 0.1531
  Data: [
    0.2072, 0.1871, 0.1570, 0.1428, 0.1861, 0.1685, 0.1279, 0.1613, 0.1664, 0.1056,
    0.1355, 0.1646, 0.1885, 0.1358, 0.1594, 0.1449, 0.1192, 0.1776, 0.2044, 0.1646,
    0.1478, 0.1402, 0.1142, 0.1839, 0.1195, 0.1267, 0.1349, 0.1349, 0.1624, 0.1684,
    0.1122, 0.1638, 0.1657, 0.1714, 0.1733, 0.1330, 0.1486, 0.1113,
  ]

#### reward_max
  Points: 38
  Min: 9.9998, Max: 10.0236, Mean: 10.0067
  Data: [
    10.0236, 10.0089, 10.0068, 10.0011, 10.0164, 10.0002, 10.0040, 10.0042, 10.0175, 10.0020,
    10.0017, 10.0005, 10.0069, 10.0155, 10.0153, 10.0122, 10.0016, 10.0020, 10.0137, 10.0083,
    10.0150, 10.0080, 10.0004, 10.0019, 10.0185, 10.0025, 10.0005, 10.0044, 10.0032, 10.0031,
    10.0015, 10.0104, 10.0020, 10.0071, 10.0075, 9.9998, 10.0054, 10.0016,
  ]

#### reward_mean
  Points: 38
  Min: 0.0380, Max: 0.1923, Mean: 0.0927
  Data: [
    0.1923, 0.0830, 0.1023, 0.1020, 0.1352, 0.0594, 0.0747, 0.1109, 0.0878, 0.0380,
    0.0708, 0.1041, 0.1070, 0.0852, 0.1183, 0.0792, 0.0760, 0.1443, 0.1514, 0.0829,
    0.0985, 0.0668, 0.0383, 0.0852, 0.0665, 0.0969, 0.0746, 0.0584, 0.1088, 0.1150,
    0.0448, 0.0855, 0.0856, 0.1185, 0.1373, 0.0940, 0.0873, 0.0550,
  ]

#### reward_min
  Points: 38
  Min: -10.2291, Max: -0.1625, Mean: -9.9023
  Data: [
    -0.1625, -10.1529, -10.1923, -10.1348, -10.1895, -10.1857, -10.1537, -10.1600, -10.1589, -10.2010,
    -10.1511, -10.1511, -10.1747, -10.1480, -10.1599, -10.1533, -10.1386, -10.0908, -10.1932, -10.1957,
    -10.2005, -10.2058, -10.1619, -10.1890, -10.1900, -10.0834, -10.1762, -10.1715, -10.1179, -10.1820,
    -10.2064, -10.1871, -10.2291, -10.1843, -10.1185, -10.1549, -10.1322, -10.1467,
  ]

#### reward_nonzero_frac
  Points: 38
  Min: 0.0323, Max: 0.0700, Mean: 0.0505
  Data: [
    0.0323, 0.0574, 0.0511, 0.0601, 0.0457, 0.0469, 0.0346, 0.0415, 0.0529, 0.0427,
    0.0487, 0.0390, 0.0559, 0.0441, 0.0511, 0.0392, 0.0528, 0.0526, 0.0539, 0.0700,
    0.0490, 0.0588, 0.0493, 0.0625, 0.0558, 0.0425, 0.0484, 0.0502, 0.0567, 0.0543,
    0.0614, 0.0475, 0.0683, 0.0459, 0.0400, 0.0479, 0.0551, 0.0518,
  ]

#### reward_significant_frac
  Points: 38
  Min: 0.0102, Max: 0.0217, Mean: 0.0152
  Data: [
    0.0217, 0.0185, 0.0157, 0.0138, 0.0192, 0.0168, 0.0125, 0.0160, 0.0161, 0.0102,
    0.0133, 0.0166, 0.0184, 0.0133, 0.0160, 0.0141, 0.0116, 0.0183, 0.0206, 0.0159,
    0.0149, 0.0138, 0.0110, 0.0192, 0.0111, 0.0128, 0.0129, 0.0129, 0.0163, 0.0173,
    0.0107, 0.0166, 0.0165, 0.0175, 0.0172, 0.0132, 0.0150, 0.0112,
  ]

#### reward_std
  Points: 38
  Min: 0.9458, Max: 1.3625, Mean: 1.1490
  Data: [
    1.3625, 1.2793, 1.1760, 1.1148, 1.2861, 1.2250, 1.0631, 1.2004, 1.2133, 0.9458,
    1.0759, 1.2112, 1.2929, 1.0871, 1.1808, 1.1292, 1.0113, 1.2544, 1.3369, 1.1865,
    1.1373, 1.0893, 0.9769, 1.2701, 1.0010, 1.0434, 1.0805, 1.0766, 1.1753, 1.2070,
    0.9606, 1.1916, 1.1827, 1.2356, 1.2453, 1.0709, 1.1239, 0.9617,
  ]


### ACTIONS
#### abs_mean
  Points: 38
  Min: 0.4624, Max: 0.5255, Mean: 0.4925
  Data: [
    0.4866, 0.5138, 0.5034, 0.4978, 0.5085, 0.5012, 0.4712, 0.4828, 0.5096, 0.5010,
    0.4836, 0.5009, 0.4804, 0.4937, 0.4685, 0.5154, 0.4982, 0.5101, 0.5024, 0.5255,
    0.4899, 0.4915, 0.4994, 0.4962, 0.5013, 0.4689, 0.4691, 0.4892, 0.4708, 0.5003,
    0.4766, 0.4933, 0.5092, 0.4624, 0.4812, 0.4964, 0.4894, 0.4756,
  ]

#### dim0_mean
  Points: 38
  Min: 0.0532, Max: 0.2465, Mean: 0.1405
  Data: [
    0.1260, 0.1856, 0.2465, 0.1341, 0.1779, 0.1433, 0.1440, 0.0923, 0.2094, 0.2238,
    0.1282, 0.1046, 0.1503, 0.0981, 0.1463, 0.1302, 0.1749, 0.1062, 0.1374, 0.1644,
    0.0705, 0.1342, 0.1588, 0.1214, 0.1168, 0.0736, 0.1177, 0.1737, 0.0532, 0.1882,
    0.1388, 0.1335, 0.1210, 0.0835, 0.1194, 0.2055, 0.1523, 0.1522,
  ]

#### dim1_mean
  Points: 38
  Min: -0.1336, Max: 0.0390, Mean: -0.0435
  Data: [
    -0.0416, 0.0157, 0.0013, -0.0171, -0.0799, -0.0559, -0.0192, -0.0767, -0.0591, -0.1052,
    -0.1171, -0.0700, -0.0563, -0.0544, 0.0016, -0.0400, -0.0561, 0.0157, -0.0955, -0.0748,
    -0.0010, -0.0624, 0.0189, -0.0237, -0.0212, 0.0012, -0.0407, -0.0482, 0.0153, -0.0466,
    0.0243, -0.0329, -0.1303, 0.0390, -0.0698, -0.1336, -0.1147, -0.0420,
  ]

#### dim2_mean
  Points: 38
  Min: -0.2040, Max: 0.0035, Mean: -0.0813
  Data: [
    -0.2040, -0.1604, -0.1283, -0.0885, -0.1634, -0.1088, -0.0580, -0.0900, -0.1214, -0.1073,
    -0.0906, -0.0567, -0.0508, -0.0886, -0.0456, -0.0516, -0.0861, -0.0855, -0.0670, -0.0253,
    -0.0310, -0.0924, -0.0669, -0.1300, -0.0492, -0.0348, -0.0353, -0.0282, -0.0351, -0.0781,
    -0.0544, -0.1304, -0.1389, 0.0035, -0.0953, -0.0707, -0.0646, -0.0796,
  ]

#### dim3_mean
  Points: 38
  Min: -0.0845, Max: 0.0534, Mean: -0.0175
  Data: [
    -0.0829, -0.0361, -0.0166, -0.0275, -0.0499, -0.0569, -0.0177, -0.0144, 0.0078, 0.0239,
    -0.0489, 0.0178, 0.0110, -0.0010, -0.0136, 0.0469, 0.0449, 0.0062, 0.0219, -0.0429,
    -0.0248, 0.0076, -0.0518, -0.0274, 0.0059, 0.0534, -0.0161, -0.0845, -0.0556, -0.0336,
    -0.0437, 0.0081, 0.0119, -0.0361, -0.0596, -0.0158, -0.0017, -0.0735,
  ]

#### max
  Points: 38
  Min: 0.9990, Max: 1.0000, Mean: 0.9999
  Data: [
    0.9997, 0.9999, 0.9999, 1.0000, 1.0000, 1.0000, 1.0000, 1.0000, 1.0000, 1.0000,
    0.9999, 0.9994, 1.0000, 1.0000, 0.9997, 1.0000, 1.0000, 0.9999, 0.9990, 0.9999,
    0.9999, 1.0000, 0.9999, 0.9998, 1.0000, 1.0000, 0.9997, 0.9999, 0.9999, 0.9999,
    0.9998, 0.9999, 1.0000, 0.9994, 0.9998, 0.9997, 0.9999, 0.9999,
  ]

#### mean
  Points: 38
  Min: -0.0506, Max: 0.0257, Mean: -0.0005
  Data: [
    -0.0506, 0.0012, 0.0257, 0.0003, -0.0288, -0.0195, 0.0123, -0.0222, 0.0092, 0.0088,
    -0.0321, -0.0011, 0.0136, -0.0115, 0.0221, 0.0214, 0.0194, 0.0107, -0.0008, 0.0054,
    0.0034, -0.0033, 0.0147, -0.0149, 0.0131, 0.0234, 0.0064, 0.0032, -0.0056, 0.0075,
    0.0162, -0.0054, -0.0341, 0.0225, -0.0263, -0.0036, -0.0072, -0.0107,
  ]

#### min
  Points: 38
  Min: -1.0000, Max: -0.9995, Mean: -0.9999
  Data: [
    -0.9998, -0.9996, -0.9999, -0.9999, -0.9999, -1.0000, -1.0000, -1.0000, -0.9999, -1.0000,
    -1.0000, -1.0000, -0.9996, -0.9998, -1.0000, -0.9999, -0.9999, -0.9998, -0.9997, -0.9999,
    -1.0000, -1.0000, -1.0000, -0.9999, -1.0000, -0.9999, -1.0000, -0.9999, -0.9998, -1.0000,
    -0.9996, -1.0000, -0.9999, -0.9999, -0.9999, -1.0000, -0.9995, -1.0000,
  ]

#### std
  Points: 38
  Min: 0.5425, Max: 0.6026, Mean: 0.5709
  Data: [
    0.5626, 0.5899, 0.5811, 0.5792, 0.5868, 0.5808, 0.5507, 0.5624, 0.5856, 0.5796,
    0.5599, 0.5772, 0.5593, 0.5738, 0.5493, 0.5960, 0.5785, 0.5881, 0.5783, 0.6026,
    0.5699, 0.5723, 0.5758, 0.5748, 0.5823, 0.5465, 0.5484, 0.5677, 0.5496, 0.5783,
    0.5549, 0.5722, 0.5837, 0.5425, 0.5594, 0.5731, 0.5686, 0.5527,
  ]


### GRADIENTS
#### actor_norm
  Points: 38
  Min: 0.0961, Max: 2.5155, Mean: 0.2117
  Data: [
    2.5155, 0.2288, 0.1333, 0.1424, 0.1671, 0.1887, 0.1216, 0.1702, 0.1174, 0.1667,
    0.1376, 0.1164, 0.1261, 0.1149, 0.1565, 0.1439, 0.2001, 0.1406, 0.2410, 0.1494,
    0.1801, 0.1371, 0.1308, 0.1666, 0.1107, 0.0961, 0.1110, 0.1021, 0.1273, 0.1387,
    0.1538, 0.1528, 0.1938, 0.1429, 0.1729, 0.1213, 0.1390, 0.1876,
  ]

#### critic_norm
  Points: 38
  Min: 0.1899, Max: 0.5853, Mean: 0.3496
  Data: [
    0.2851, 0.2858, 0.4649, 0.3007, 0.2673, 0.3485, 0.5728, 0.3061, 0.3681, 0.2417,
    0.3718, 0.4828, 0.3038, 0.4425, 0.4189, 0.4346, 0.2885, 0.5641, 0.4482, 0.3818,
    0.2244, 0.1899, 0.2139, 0.3388, 0.2723, 0.4438, 0.3510, 0.3523, 0.2496, 0.2508,
    0.3685, 0.3448, 0.5853, 0.2620, 0.3177, 0.3825, 0.3103, 0.2470,
  ]

#### world_model_norm
  Points: 38
  Min: 5.8291, Max: 21.8927, Mean: 10.7198
  Data: [
    10.6463, 7.4273, 5.8291, 8.7091, 17.9825, 9.8218, 5.9721, 11.2252, 8.0737, 8.0098,
    19.3439, 9.7054, 8.6255, 6.7968, 20.7290, 14.5045, 21.8927, 8.6351, 10.8815, 9.1609,
    9.7872, 11.4710, 12.0646, 14.6938, 8.5201, 6.1145, 7.0239, 10.9627, 11.9487, 9.3832,
    12.4971, 11.4176, 7.5037, 7.5565, 9.4137, 12.1171, 10.8334, 10.0708,
  ]


### DIAGNOSTICS
#### advantage_contribution
  Points: 38
  Min: 0.1129, Max: 1.7154, Mean: 0.2047
  Data: [
    1.7154, 0.2052, 0.1768, 0.1717, 0.1769, 0.1879, 0.1592, 0.1663, 0.1578, 0.1751,
    0.1555, 0.1577, 0.1546, 0.1330, 0.1268, 0.1599, 0.1915, 0.1671, 0.2519, 0.2033,
    0.1583, 0.1603, 0.1388, 0.1416, 0.1382, 0.1129, 0.1150, 0.1321, 0.1307, 0.1237,
    0.1407, 0.1973, 0.2569, 0.1443, 0.1608, 0.1542, 0.1797, 0.2004,
  ]

#### entropy_advantage_ratio
  Points: 38
  Min: 0.0005, Max: 0.0070, Mean: 0.0052
  Data: [
    0.0005, 0.0041, 0.0050, 0.0053, 0.0049, 0.0046, 0.0054, 0.0053, 0.0053, 0.0051,
    0.0056, 0.0054, 0.0049, 0.0066, 0.0066, 0.0053, 0.0050, 0.0053, 0.0033, 0.0044,
    0.0053, 0.0054, 0.0063, 0.0062, 0.0063, 0.0070, 0.0067, 0.0062, 0.0060, 0.0070,
    0.0054, 0.0042, 0.0032, 0.0053, 0.0049, 0.0054, 0.0043, 0.0038,
  ]

#### entropy_contribution
  Points: 38
  Min: 0.0008, Max: 0.0010, Mean: 0.0008
  Data: [
    0.0009, 0.0008, 0.0009, 0.0009, 0.0009, 0.0009, 0.0009, 0.0009, 0.0008, 0.0009,
    0.0009, 0.0009, 0.0008, 0.0009, 0.0008, 0.0009, 0.0010, 0.0009, 0.0008, 0.0009,
    0.0008, 0.0009, 0.0009, 0.0009, 0.0009, 0.0008, 0.0008, 0.0008, 0.0008, 0.0009,
    0.0008, 0.0008, 0.0008, 0.0008, 0.0008, 0.0008, 0.0008, 0.0008,
  ]

#### return_range_S
  Points: 38
  Min: 0.4305, Max: 9.1900, Mean: 7.0228
  Data: [
    0.4305, 7.5982, 7.3326, 6.2615, 6.4617, 6.3615, 6.4376, 6.4580, 8.4257, 7.4417,
    8.1254, 8.0905, 8.5213, 8.3070, 9.1147, 7.9010, 6.4645, 6.8953, 6.4836, 6.2259,
    6.4789, 6.3271, 6.7861, 6.9751, 7.2378, 7.1746, 8.7041, 9.1900, 8.0986, 7.9650,
    6.9218, 7.3438, 7.0784, 5.9445, 6.0246, 6.6482, 6.6758, 5.9537,
  ]

#### return_range_at_floor
  Points: 38
  Min: 0.0000, Max: 1.0000, Mean: 0.0263
  Data: [
    1.0000, 0.0000, 0.0000, 0.0000, 0.0000, 0.0000, 0.0000, 0.0000, 0.0000, 0.0000,
    0.0000, 0.0000, 0.0000, 0.0000, 0.0000, 0.0000, 0.0000, 0.0000, 0.0000, 0.0000,
    0.0000, 0.0000, 0.0000, 0.0000, 0.0000, 0.0000, 0.0000, 0.0000, 0.0000, 0.0000,
    0.0000, 0.0000, 0.0000, 0.0000, 0.0000, 0.0000, 0.0000, 0.0000,
  ]


### SPARSE_SIGNAL
#### advantage_nonzero_frac
  Points: 38
  Min: 0.7404, Max: 0.9726, Mean: 0.8411
  Data: [
    0.9726, 0.8341, 0.8368, 0.8495, 0.8435, 0.8322, 0.8582, 0.8622, 0.8629, 0.8370,
    0.8552, 0.8232, 0.8523, 0.8192, 0.7404, 0.8479, 0.8427, 0.8438, 0.9101, 0.8818,
    0.8131, 0.8305, 0.8257, 0.8120, 0.8153, 0.7918, 0.8293, 0.8259, 0.8088, 0.8005,
    0.8366, 0.8525, 0.9078, 0.7969, 0.8466, 0.8453, 0.8598, 0.8594,
  ]

#### advantage_significant_frac
  Points: 38
  Min: 0.2234, Max: 0.7537, Mean: 0.3121
  Data: [
    0.7537, 0.3147, 0.3273, 0.2641, 0.2869, 0.2864, 0.2874, 0.3087, 0.3273, 0.3016,
    0.3064, 0.3062, 0.2933, 0.2636, 0.2552, 0.3152, 0.3271, 0.3503, 0.4521, 0.3575,
    0.2903, 0.2823, 0.2437, 0.2373, 0.2704, 0.2234, 0.2681, 0.2510, 0.2484, 0.2334,
    0.2621, 0.3458, 0.4439, 0.2885, 0.3141, 0.3113, 0.3412, 0.3214,
  ]

#### event_rate_in_batch
  Points: 38
  Min: 0.0081, Max: 0.0192, Mean: 0.0121
  Data: [
    0.0171, 0.0192, 0.0131, 0.0101, 0.0171, 0.0151, 0.0111, 0.0121, 0.0131, 0.0081,
    0.0101, 0.0151, 0.0131, 0.0091, 0.0121, 0.0121, 0.0111, 0.0131, 0.0161, 0.0131,
    0.0101, 0.0101, 0.0091, 0.0121, 0.0091, 0.0111, 0.0111, 0.0121, 0.0111, 0.0151,
    0.0091, 0.0131, 0.0101, 0.0171, 0.0131, 0.0111, 0.0081, 0.0081,
  ]

#### lambda_return_abs_mean
  Points: 38
  Min: 7.2422, Max: 11.3778, Mean: 8.4585
  Data: [
    11.3778, 8.3802, 8.5311, 8.1142, 8.9307, 8.4816, 7.8146, 8.3244, 8.4234, 7.2422,
    7.7358, 7.4871, 8.3590, 8.5645, 7.4792, 7.6439, 7.9158, 8.4836, 8.9881, 8.2292,
    8.9492, 8.5971, 8.7290, 9.4745, 8.4153, 7.3217, 8.4205, 8.3304, 8.2181, 9.0578,
    8.8297, 8.9363, 9.0867, 8.6588, 8.7168, 8.6547, 8.6089, 7.9129,
  ]

#### lambda_return_nonzero_frac
  Points: 38
  Min: 0.9993, Max: 1.0000, Mean: 0.9998
  Data: [
    1.0000, 1.0000, 1.0000, 0.9999, 0.9996, 0.9996, 1.0000, 0.9996, 0.9997, 0.9996,
    0.9993, 0.9999, 0.9996, 0.9999, 0.9998, 0.9999, 1.0000, 0.9995, 0.9999, 0.9994,
    0.9999, 0.9996, 0.9999, 1.0000, 0.9994, 0.9999, 1.0000, 0.9999, 0.9996, 1.0000,
    0.9999, 0.9999, 0.9999, 1.0000, 1.0000, 0.9999, 0.9999, 0.9999,
  ]

#### lambda_return_significant_frac
  Points: 38
  Min: 0.9932, Max: 1.0000, Mean: 0.9977
  Data: [
    1.0000, 0.9971, 1.0000, 0.9982, 0.9978, 0.9962, 0.9997, 0.9963, 0.9976, 0.9962,
    0.9955, 0.9981, 0.9961, 0.9982, 0.9981, 0.9977, 0.9988, 0.9942, 0.9985, 0.9966,
    0.9988, 0.9964, 0.9986, 0.9970, 0.9966, 0.9986, 0.9999, 0.9932, 0.9971, 1.0000,
    0.9991, 0.9980, 0.9981, 0.9999, 0.9988, 0.9975, 0.9955, 0.9982,
  ]

#### nonsparse_pred_error
  Points: 38
  Min: 0.0031, Max: 0.0477, Mean: 0.0168
  Data: [
    0.0477, 0.0090, 0.0158, 0.0094, 0.0259, 0.0217, 0.0033, 0.0031, 0.0071, 0.0193,
    0.0152, 0.0318, 0.0038, 0.0052, 0.0108, 0.0042, 0.0219, 0.0106, 0.0311, 0.0207,
    0.0285, 0.0181, 0.0088, 0.0238, 0.0097, 0.0151, 0.0128, 0.0189, 0.0432, 0.0056,
    0.0135, 0.0390, 0.0259, 0.0173, 0.0129, 0.0083, 0.0048, 0.0147,
  ]

#### num_sparse_events
  Points: 38
  Min: 8.0000, Max: 19.0000, Mean: 12.0526
  Data: [
    17.0000, 19.0000, 13.0000, 10.0000, 17.0000, 15.0000, 11.0000, 12.0000, 13.0000, 8.0000,
    10.0000, 15.0000, 13.0000, 9.0000, 12.0000, 12.0000, 11.0000, 13.0000, 16.0000, 13.0000,
    10.0000, 10.0000, 9.0000, 12.0000, 9.0000, 11.0000, 11.0000, 12.0000, 11.0000, 15.0000,
    9.0000, 13.0000, 10.0000, 17.0000, 13.0000, 11.0000, 8.0000, 8.0000,
  ]

#### reward_max
  Points: 38
  Min: 10.0000, Max: 10.0000, Mean: 10.0000
  Data: [
    10.0000, 10.0000, 10.0000, 10.0000, 10.0000, 10.0000, 10.0000, 10.0000, 10.0000, 10.0000,
    10.0000, 10.0000, 10.0000, 10.0000, 10.0000, 10.0000, 10.0000, 10.0000, 10.0000, 10.0000,
    10.0000, 10.0000, 10.0000, 10.0000, 10.0000, 10.0000, 10.0000, 10.0000, 10.0000, 10.0000,
    10.0000, 10.0000, 10.0000, 10.0000, 10.0000, 10.0000, 10.0000, 10.0000,
  ]

#### reward_min
  Points: 38
  Min: -10.2075, Max: -0.1564, Mean: -9.0932
  Data: [
    -0.1564, -10.1115, -10.1744, -10.1088, -10.1377, -10.1830, -10.1070, -10.1166, -10.1168, -10.1130,
    -10.0934, -10.1125, -10.1438, -10.1784, -0.1708, -10.1515, -10.1308, -0.1795, -10.1841, -10.1760,
    -10.2075, -10.1820, -10.1614, -10.1627, -10.1841, -10.0952, -10.1820, -10.1151, -10.0761, -10.1860,
    -10.1596, -10.1679, -10.0900, -10.1586, -10.0590, -10.1461, -10.0948, -0.2659,
  ]

#### reward_range
  Points: 38
  Min: 10.1564, Max: 20.2075, Mean: 19.0932
  Data: [
    10.1564, 20.1115, 20.1744, 20.1088, 20.1377, 20.1830, 20.1070, 20.1166, 20.1168, 20.1130,
    20.0934, 20.1125, 20.1438, 20.1784, 10.1708, 20.1515, 20.1308, 10.1795, 20.1841, 20.1760,
    20.2075, 20.1820, 20.1614, 20.1627, 20.1841, 20.0952, 20.1820, 20.1151, 20.0761, 20.1860,
    20.1596, 20.1679, 20.0900, 20.1586, 20.0590, 20.1461, 20.0948, 10.2659,
  ]

#### reward_variance
  Points: 38
  Min: 0.8049, Max: 1.9324, Mean: 1.2178
  Data: [
    1.6888, 1.9324, 1.3125, 1.0092, 1.7074, 1.5237, 1.1161, 1.2111, 1.3162, 0.8116,
    1.0154, 1.5146, 1.3224, 0.9137, 1.2011, 1.2227, 1.1086, 1.2990, 1.6103, 1.3226,
    1.0096, 1.0154, 0.9146, 1.2081, 0.9137, 1.1073, 1.1178, 1.2154, 1.1117, 1.5107,
    0.9191, 1.3140, 1.0118, 1.7133, 1.3049, 1.1126, 0.8109, 0.8049,
  ]

#### sparse_actual_mean
  Points: 38
  Min: 1.0604, Max: 10.0000, Mean: 6.2664
  Data: [
    10.0000, 2.5958, 6.9042, 7.9891, 7.6339, 4.6300, 4.5188, 6.6494, 5.3646, 4.9764,
    3.9733, 5.9821, 3.8075, 5.5233, 10.0000, 3.2877, 8.1699, 10.0000, 7.4831, 3.8106,
    7.9792, 5.9680, 5.5222, 8.3198, 5.5279, 8.1732, 4.5114, 4.9794, 6.3508, 7.3163,
    1.0604, 6.8979, 5.9868, 6.4510, 8.4570, 6.3425, 4.9789, 10.0000,
  ]

#### sparse_pred_error
  Points: 38
  Min: 0.0009, Max: 0.1001, Mean: 0.0132
  Data: [
    0.0009, 0.0195, 0.0032, 0.0027, 0.0075, 0.0098, 0.0050, 0.0077, 0.0139, 0.0051,
    0.0054, 0.0077, 0.0042, 0.0058, 0.1001, 0.0947, 0.0032, 0.0237, 0.0053, 0.0100,
    0.0023, 0.0050, 0.0116, 0.0069, 0.0050, 0.0098, 0.0052, 0.0072, 0.0019, 0.0146,
    0.0143, 0.0259, 0.0074, 0.0057, 0.0169, 0.0067, 0.0188, 0.0009,
  ]

#### sparse_pred_mean
  Points: 38
  Min: 1.0463, Max: 9.9996, Mean: 6.2610
  Data: [
    9.9996, 2.5814, 6.9012, 7.9864, 7.6297, 4.6206, 4.5140, 6.6429, 5.3509, 4.9721,
    3.9683, 5.9764, 3.8102, 5.5264, 9.8999, 3.3636, 8.1712, 9.9763, 7.4778, 3.8080,
    7.9778, 5.9681, 5.5126, 8.3149, 5.5230, 8.1674, 4.5148, 4.9803, 6.3507, 7.3042,
    1.0463, 6.8817, 5.9794, 6.4519, 8.4401, 6.3358, 4.9919, 9.9991,
  ]

#### sparse_sign_accuracy
  Points: 38
  Min: 1.0000, Max: 1.0000, Mean: 1.0000
  Data: [
    1.0000, 1.0000, 1.0000, 1.0000, 1.0000, 1.0000, 1.0000, 1.0000, 1.0000, 1.0000,
    1.0000, 1.0000, 1.0000, 1.0000, 1.0000, 1.0000, 1.0000, 1.0000, 1.0000, 1.0000,
    1.0000, 1.0000, 1.0000, 1.0000, 1.0000, 1.0000, 1.0000, 1.0000, 1.0000, 1.0000,
    1.0000, 1.0000, 1.0000, 1.0000, 1.0000, 1.0000, 1.0000, 1.0000,
  ]

#### sparse_vs_nonsparse_error_ratio
  Points: 38
  Min: 0.0178, Max: 22.7804, Mean: 1.6468
  Data: [
    0.0178, 2.1742, 0.2027, 0.2893, 0.2888, 0.4532, 1.5442, 2.4978, 1.9701, 0.2646,
    0.3549, 0.2432, 1.0951, 1.1093, 9.2612, 22.7804, 0.1444, 2.2360, 0.1692, 0.4836,
    0.0802, 0.2749, 1.3162, 0.2919, 0.5091, 0.6443, 0.4020, 0.3795, 0.0451, 2.6265,
    1.0529, 0.6638, 0.2862, 0.3316, 1.3128, 0.8081, 3.9129, 0.0608,
  ]

#### sparse_weight_applied
  Points: 38
  Min: 51.2105, Max: 100.0000, Mean: 82.6644
  Data: [
    57.3529, 51.2105, 75.3077, 98.2000, 57.3529, 65.1333, 89.1818, 81.6667, 75.3077, 100.0000,
    98.2000, 65.1333, 75.3077, 100.0000, 81.6667, 81.6667, 89.1818, 75.3077, 61.0000, 75.3077,
    98.2000, 98.2000, 100.0000, 81.6667, 100.0000, 89.1818, 89.1818, 81.6667, 89.1818, 65.1333,
    100.0000, 75.3077, 98.2000, 57.3529, 75.3077, 89.1818, 100.0000, 100.0000,
  ]

#### unweighted_reward_loss
  Points: 38
  Min: 0.0978, Max: 0.1988, Mean: 0.1459
  Data: [
    0.0978, 0.1924, 0.1392, 0.1150, 0.1640, 0.1649, 0.1404, 0.1139, 0.1635, 0.1239,
    0.1409, 0.1577, 0.1691, 0.1185, 0.1358, 0.1592, 0.1357, 0.1217, 0.1703, 0.1585,
    0.1109, 0.1664, 0.1339, 0.1466, 0.1498, 0.1153, 0.1457, 0.1785, 0.1988, 0.1402,
    0.1454, 0.1687, 0.1877, 0.1324, 0.1461, 0.1192, 0.1328, 0.1432,
  ]

#### value_lambda_gap_abs_mean
  Points: 38
  Min: 0.4881, Max: 1.2323, Mean: 0.7679
  Data: [
    0.4881, 0.9454, 0.8083, 0.6806, 0.7022, 0.7533, 0.6638, 0.7398, 0.9192, 0.8572,
    0.9021, 0.8684, 0.9319, 0.7514, 0.7824, 0.8449, 0.7977, 0.7931, 1.0235, 0.8007,
    0.6866, 0.6576, 0.6244, 0.6512, 0.6733, 0.5669, 0.7112, 0.8428, 0.7434, 0.6603,
    0.6772, 0.9339, 1.2323, 0.5865, 0.6626, 0.6779, 0.7898, 0.7482,
  ]

#### value_lambda_gap_mean
  Points: 38
  Min: -0.0851, Max: 0.2998, Mean: 0.1038
  Data: [
    0.1235, 0.1620, 0.2409, 0.1850, 0.0757, -0.0315, 0.2003, 0.0895, 0.1316, 0.0559,
    0.1296, 0.1842, 0.1077, 0.0930, 0.1670, 0.2998, 0.1464, 0.0773, 0.2139, 0.0493,
    0.1031, 0.0611, 0.0312, -0.0851, 0.0586, 0.1752, 0.0607, -0.0090, 0.1052, 0.0579,
    0.1168, 0.0665, 0.0481, 0.0578, 0.1339, 0.0975, 0.0828, 0.0818,
  ]

#### weighted_reward_loss
  Points: 38
  Min: 0.3127, Max: 0.3716, Mean: 0.3419
  Data: [
    0.3127, 0.3716, 0.3400, 0.3262, 0.3504, 0.3578, 0.3438, 0.3273, 0.3533, 0.3130,
    0.3444, 0.3491, 0.3611, 0.3245, 0.3350, 0.3599, 0.3367, 0.3261, 0.3546, 0.3549,
    0.3263, 0.3579, 0.3330, 0.3424, 0.3397, 0.3257, 0.3481, 0.3611, 0.3692, 0.3397,
    0.3444, 0.3569, 0.3640, 0.3360, 0.3398, 0.3312, 0.3177, 0.3172,
  ]

