================================================================================
W&B RUN DATA: _weak_seed42_20260223_031358
================================================================================

## RUN METADATA
Run ID: uwn4fiu3
Created: 2026-02-23T02:14:00Z
State: running
Duration: 76068.245626275 seconds

## CONFIGURATION
  [Environment]
    opponent: weak
  [Training]
    batch_size: 32
    batch_length: 32
    imagination_horizon: 15
    discount: 0.997
  [Entropy]
    entropy_scale: 0.0003
  [Self-Play]
    self_play_start: 1
    self_play_pool_size: 30
    self_play_save_interval: 250
    self_play_weak_ratio: 0.65
    use_pfsp: True
    pfsp_mode: variance
  [Architecture]
    recurrent_size: 256
    latent_length: 16
    latent_classes: 16
  [Meta]
    seed: 42
    algorithm: DreamerV3

## FINAL SUMMARY
  runtime: 21.13 hours (76068 seconds)

## NOTE: Data reduced (fraction=0.1, max_points=200)

## METRICS DATA

### STATS
#### buffer_size
  Points: 34
  Min: 3280.0000, Max: 250000.0000, Mean: 198289.1176
  Data: [
    3280.0000, 19082.0000, 38202.0000, 54614.0000, 77611.0000, 99960.0000, 119390.0000, 135457.0000, 147822.0000, 174010.0000,
    191683.0000, 212747.0000, 227509.0000, 240463.0000, 250000.0000, 250000.0000, 250000.0000, 250000.0000, 250000.0000, 250000.0000,
    250000.0000, 250000.0000, 250000.0000, 250000.0000, 250000.0000, 250000.0000, 250000.0000, 250000.0000, 250000.0000, 250000.0000,
    250000.0000, 250000.0000, 250000.0000, 250000.0000,
  ]

#### draws
  Points: 34
  Min: 0.0000, Max: 320.0000, Mean: 191.7647
  Data: [
    0.0000, 7.0000, 23.0000, 42.0000, 64.0000, 80.0000, 97.0000, 107.0000, 115.0000, 132.0000,
    142.0000, 164.0000, 173.0000, 180.0000, 196.0000, 209.0000, 214.0000, 223.0000, 225.0000, 232.0000,
    240.0000, 248.0000, 251.0000, 257.0000, 262.0000, 269.0000, 270.0000, 277.0000, 289.0000, 292.0000,
    297.0000, 308.0000, 315.0000, 320.0000,
  ]

#### env_steps
  Points: 34
  Min: 943946.0000, Max: 1477480.0000, Mean: 1225595.0588
  Data: [
    943946.0000, 959748.0000, 978868.0000, 995280.0000, 1018277.0000, 1040626.0000, 1060056.0000, 1076123.0000, 1088488.0000, 1114676.0000,
    1132349.0000, 1153413.0000, 1168175.0000, 1181129.0000, 1197172.0000, 1216911.0000, 1228850.0000, 1244715.0000, 1252668.0000, 1269957.0000,
    1284821.0000, 1302198.0000, 1317143.0000, 1330601.0000, 1344324.0000, 1361249.0000, 1369103.0000, 1387935.0000, 1405959.0000, 1420818.0000,
    1431661.0000, 1450168.0000, 1465345.0000, 1477480.0000,
  ]

#### episodes
  Points: 34
  Min: 11526.0000, Max: 18966.0000, Mean: 15263.0588
  Data: [
    11526.0000, 11746.0000, 11966.0000, 12166.0000, 12416.0000, 12686.0000, 12906.0000, 13116.0000, 13296.0000, 13616.0000,
    13856.0000, 14106.0000, 14306.0000, 14496.0000, 14706.0000, 14996.0000, 15166.0000, 15396.0000, 15536.0000, 15816.0000,
    16026.0000, 16296.0000, 16526.0000, 16736.0000, 16936.0000, 17186.0000, 17326.0000, 17606.0000, 17866.0000, 18106.0000,
    18256.0000, 18526.0000, 18766.0000, 18966.0000,
  ]

#### gradient_steps
  Points: 34
  Min: 357616.0000, Max: 476656.0000, Mean: 417408.9412
  Data: [
    357616.0000, 361136.0000, 364656.0000, 367856.0000, 371856.0000, 376176.0000, 379696.0000, 383056.0000, 385936.0000, 391056.0000,
    394896.0000, 398896.0000, 402096.0000, 405136.0000, 408496.0000, 413136.0000, 415856.0000, 419536.0000, 421776.0000, 426256.0000,
    429616.0000, 433936.0000, 437616.0000, 440976.0000, 444176.0000, 448176.0000, 450416.0000, 454896.0000, 459056.0000, 462896.0000,
    465296.0000, 469616.0000, 473456.0000, 476656.0000,
  ]

#### losses
  Points: 34
  Min: 0.0000, Max: 828.0000, Mean: 424.3529
  Data: [
    0.0000, 24.0000, 44.0000, 55.0000, 87.0000, 123.0000, 157.0000, 182.0000, 197.0000, 228.0000,
    251.0000, 288.0000, 319.0000, 342.0000, 367.0000, 398.0000, 418.0000, 443.0000, 463.0000, 501.0000,
    519.0000, 550.0000, 580.0000, 602.0000, 627.0000, 653.0000, 670.0000, 696.0000, 714.0000, 740.0000,
    755.0000, 792.0000, 815.0000, 828.0000,
  ]

#### mean_reward
  Points: 34
  Min: 4.3646, Max: 9.8846, Mean: 6.4465
  Data: [
    9.8846, 7.0028, 6.2596, 7.1881, 6.3836, 5.4356, 4.4240, 5.8072, 7.5663, 7.4697,
    6.0677, 4.3646, 4.9665, 5.1416, 5.9268, 6.8828, 6.9271, 5.9751, 6.8094, 5.9977,
    7.2180, 6.0534, 6.6173, 6.1292, 6.2607, 6.7278, 6.7222, 6.7765, 7.6189, 5.9010,
    6.6997, 5.8571, 6.7931, 7.3256,
  ]

#### opponent_recent_selfplay_frac
  Points: 34
  Min: 0.0000, Max: 0.4250, Mean: 0.3512
  Data: [
    0.0000, 0.3600, 0.3800, 0.2900, 0.3800, 0.3350, 0.3800, 0.3950, 0.3150, 0.3600,
    0.3550, 0.3750, 0.3250, 0.3100, 0.3350, 0.3250, 0.3450, 0.3900, 0.3850, 0.3300,
    0.3700, 0.3950, 0.3700, 0.3550, 0.3500, 0.4150, 0.3750, 0.3200, 0.4150, 0.3900,
    0.3700, 0.4250, 0.3200, 0.4000,
  ]

#### opponent_recent_strong_frac
  Points: 34
  Min: 0.0000, Max: 0.3600, Mean: 0.3093
  Data: [
    0.0000, 0.3200, 0.3050, 0.3600, 0.3100, 0.3350, 0.3100, 0.3000, 0.3400, 0.3200,
    0.3250, 0.3150, 0.3350, 0.3400, 0.3300, 0.3350, 0.3300, 0.3050, 0.3050, 0.3350,
    0.3150, 0.3000, 0.3150, 0.3250, 0.3200, 0.2900, 0.3150, 0.3350, 0.2950, 0.3050,
    0.3150, 0.2900, 0.3350, 0.3050,
  ]

#### opponent_recent_weak_frac
  Points: 34
  Min: 0.2850, Max: 1.0000, Mean: 0.3396
  Data: [
    1.0000, 0.3200, 0.3150, 0.3500, 0.3100, 0.3300, 0.3100, 0.3050, 0.3450, 0.3200,
    0.3200, 0.3100, 0.3400, 0.3500, 0.3350, 0.3400, 0.3250, 0.3050, 0.3100, 0.3350,
    0.3150, 0.3050, 0.3150, 0.3200, 0.3300, 0.2950, 0.3100, 0.3450, 0.2900, 0.3050,
    0.3150, 0.2850, 0.3450, 0.2950,
  ]

#### opponent_recent_window
  Points: 34
  Min: 1.0000, Max: 200.0000, Mean: 194.1471
  Data: [
    1.0000, 200.0000, 200.0000, 200.0000, 200.0000, 200.0000, 200.0000, 200.0000, 200.0000, 200.0000,
    200.0000, 200.0000, 200.0000, 200.0000, 200.0000, 200.0000, 200.0000, 200.0000, 200.0000, 200.0000,
    200.0000, 200.0000, 200.0000, 200.0000, 200.0000, 200.0000, 200.0000, 200.0000, 200.0000, 200.0000,
    200.0000, 200.0000, 200.0000, 200.0000,
  ]

#### opponent_selfplay_count
  Points: 34
  Min: 0.0000, Max: 2682.0000, Mean: 1326.6765
  Data: [
    0.0000, 79.0000, 162.0000, 220.0000, 317.0000, 417.0000, 499.0000, 581.0000, 636.0000, 744.0000,
    826.0000, 918.0000, 983.0000, 1042.0000, 1112.0000, 1203.0000, 1264.0000, 1353.0000, 1406.0000, 1497.0000,
    1575.0000, 1680.0000, 1765.0000, 1840.0000, 1910.0000, 2014.0000, 2062.0000, 2156.0000, 2268.0000, 2358.0000,
    2413.0000, 2523.0000, 2602.0000, 2682.0000,
  ]

#### opponent_strong_count
  Points: 34
  Min: 0.0000, Max: 2380.0000, Mean: 1205.6471
  Data: [
    0.0000, 71.0000, 139.0000, 211.0000, 287.0000, 372.0000, 441.0000, 505.0000, 567.0000, 674.0000,
    753.0000, 832.0000, 899.0000, 964.0000, 1034.0000, 1134.0000, 1189.0000, 1259.0000, 1302.0000, 1397.0000,
    1463.0000, 1545.0000, 1618.0000, 1686.0000, 1750.0000, 1823.0000, 1870.0000, 1962.0000, 2037.0000, 2111.0000,
    2159.0000, 2239.0000, 2319.0000, 2380.0000,
  ]

#### opponent_weak_count
  Points: 34
  Min: 1.0000, Max: 2379.0000, Mean: 1205.7353
  Data: [
    1.0000, 71.0000, 140.0000, 210.0000, 287.0000, 372.0000, 441.0000, 505.0000, 568.0000, 673.0000,
    752.0000, 831.0000, 899.0000, 965.0000, 1035.0000, 1134.0000, 1188.0000, 1259.0000, 1303.0000, 1397.0000,
    1463.0000, 1546.0000, 1618.0000, 1685.0000, 1751.0000, 1824.0000, 1869.0000, 1963.0000, 2036.0000, 2112.0000,
    2159.0000, 2239.0000, 2320.0000, 2379.0000,
  ]

#### probe_loaded_count
  Points: 34
  Min: 0.0000, Max: 0.0000, Mean: 0.0000
  Data: [
    0.0000, 0.0000, 0.0000, 0.0000, 0.0000, 0.0000, 0.0000, 0.0000, 0.0000, 0.0000,
    0.0000, 0.0000, 0.0000, 0.0000, 0.0000, 0.0000, 0.0000, 0.0000, 0.0000, 0.0000,
    0.0000, 0.0000, 0.0000, 0.0000, 0.0000, 0.0000, 0.0000, 0.0000, 0.0000, 0.0000,
    0.0000, 0.0000, 0.0000, 0.0000,
  ]

#### probe_pending_count
  Points: 34
  Min: 4.0000, Max: 34.0000, Mean: 19.5294
  Data: [
    4.0000, 5.0000, 6.0000, 7.0000, 8.0000, 9.0000, 10.0000, 11.0000, 12.0000, 13.0000,
    14.0000, 15.0000, 16.0000, 16.0000, 17.0000, 18.0000, 19.0000, 20.0000, 21.0000, 22.0000,
    23.0000, 24.0000, 25.0000, 25.0000, 26.0000, 27.0000, 28.0000, 29.0000, 30.0000, 31.0000,
    32.0000, 33.0000, 34.0000, 34.0000,
  ]

#### win_rate
  Points: 34
  Min: 0.7400, Max: 1.0000, Mean: 0.8532
  Data: [
    1.0000, 0.8900, 0.8300, 0.8600, 0.8600, 0.8000, 0.7700, 0.8300, 0.9100, 0.9000,
    0.8500, 0.7400, 0.7900, 0.7800, 0.8200, 0.8600, 0.8800, 0.8300, 0.8700, 0.8400,
    0.9000, 0.8300, 0.8600, 0.8400, 0.8500, 0.8600, 0.8800, 0.8800, 0.9100, 0.8300,
    0.8700, 0.8200, 0.8700, 0.9000,
  ]

#### wins
  Points: 34
  Min: 1.0000, Max: 6293.0000, Mean: 3121.9412
  Data: [
    1.0000, 190.0000, 374.0000, 544.0000, 740.0000, 958.0000, 1127.0000, 1302.0000, 1459.0000, 1731.0000,
    1938.0000, 2129.0000, 2289.0000, 2449.0000, 2618.0000, 2864.0000, 3009.0000, 3205.0000, 3323.0000, 3558.0000,
    3742.0000, 3973.0000, 4170.0000, 4352.0000, 4522.0000, 4739.0000, 4861.0000, 5108.0000, 5338.0000, 5549.0000,
    5679.0000, 5901.0000, 6111.0000, 6293.0000,
  ]


### EPISODE
#### draw_rate_100
  Points: 34
  Min: 0.0000, Max: 0.0100, Mean: 0.0003
  Data: [
    0.0000, 0.0000, 0.0000, 0.0000, 0.0000, 0.0000, 0.0000, 0.0000, 0.0000, 0.0000,
    0.0000, 0.0000, 0.0000, 0.0000, 0.0000, 0.0000, 0.0000, 0.0000, 0.0000, 0.0000,
    0.0000, 0.0000, 0.0000, 0.0000, 0.0000, 0.0000, 0.0000, 0.0100, 0.0000, 0.0000,
    0.0000, 0.0000, 0.0000, 0.0000,
  ]

#### length_max
  Points: 34
  Min: 53.0000, Max: 251.0000, Mean: 242.9118
  Data: [
    53.0000, 251.0000, 251.0000, 251.0000, 251.0000, 251.0000, 251.0000, 251.0000, 251.0000, 251.0000,
    251.0000, 251.0000, 251.0000, 251.0000, 251.0000, 251.0000, 251.0000, 251.0000, 251.0000, 197.0000,
    251.0000, 251.0000, 251.0000, 251.0000, 251.0000, 251.0000, 228.0000, 251.0000, 251.0000, 251.0000,
    251.0000, 251.0000, 251.0000, 251.0000,
  ]

#### length_mean
  Points: 34
  Min: 51.5400, Max: 92.1300, Mean: 68.8579
  Data: [
    53.0000, 68.9900, 89.4400, 77.9800, 87.1300, 82.1900, 92.1300, 78.2900, 68.1600, 76.7900,
    66.4600, 84.3800, 72.2000, 71.9700, 67.6400, 61.4300, 68.8600, 68.1100, 53.4700, 51.5400,
    70.8500, 66.5900, 56.5900, 62.8200, 70.9500, 64.4800, 56.5700, 61.2500, 67.0800, 60.8500,
    70.8800, 72.7300, 58.8300, 60.5400,
  ]

#### length_min
  Points: 34
  Min: 16.0000, Max: 53.0000, Mean: 23.8529
  Data: [
    53.0000, 24.0000, 25.0000, 16.0000, 24.0000, 23.0000, 24.0000, 24.0000, 24.0000, 25.0000,
    23.0000, 23.0000, 24.0000, 24.0000, 24.0000, 24.0000, 24.0000, 23.0000, 24.0000, 23.0000,
    23.0000, 23.0000, 21.0000, 23.0000, 23.0000, 23.0000, 22.0000, 23.0000, 22.0000, 22.0000,
    21.0000, 23.0000, 22.0000, 22.0000,
  ]

#### length_std
  Points: 34
  Min: 0.0000, Max: 70.1295, Mean: 54.4847
  Data: [
    0.0000, 46.9100, 70.1295, 67.9439, 66.3074, 64.8074, 67.2367, 61.3153, 54.0181, 61.9544,
    50.4582, 68.7987, 57.2094, 60.7105, 56.7899, 51.1915, 58.8597, 58.8630, 40.5917, 32.6161,
    57.5709, 56.2752, 49.5573, 51.4683, 57.9554, 58.2787, 45.2547, 53.8374, 60.3547, 50.1303,
    60.2201, 60.2023, 47.8527, 46.8099,
  ]

#### reward_mean
  Points: 34
  Min: 4.3646, Max: 9.8846, Mean: 6.4465
  Data: [
    9.8846, 7.0028, 6.2596, 7.1881, 6.3836, 5.4356, 4.4240, 5.8072, 7.5663, 7.4697,
    6.0677, 4.3646, 4.9665, 5.1416, 5.9268, 6.8828, 6.9271, 5.9751, 6.8094, 5.9977,
    7.2180, 6.0534, 6.6173, 6.1292, 6.2607, 6.7278, 6.7222, 6.7765, 7.6189, 5.9010,
    6.6997, 5.8571, 6.7931, 7.3256,
  ]

#### reward_std
  Points: 34
  Min: 0.0000, Max: 8.7594, Mean: 6.7983
  Data: [
    0.0000, 6.6141, 6.6822, 5.5597, 6.8721, 8.0848, 8.7594, 7.6663, 5.4956, 5.4290,
    7.4486, 8.6495, 8.3794, 8.0182, 7.5329, 6.4816, 6.4360, 7.3307, 6.7927, 7.7285,
    5.9723, 7.3829, 6.8656, 7.6451, 7.2412, 6.3984, 6.9069, 6.7946, 5.3774, 7.6960,
    6.7163, 7.5644, 6.6258, 5.9950,
  ]

#### win_rate_100
  Points: 34
  Min: 0.7400, Max: 1.0000, Mean: 0.8532
  Data: [
    1.0000, 0.8900, 0.8300, 0.8600, 0.8600, 0.8000, 0.7700, 0.8300, 0.9100, 0.9000,
    0.8500, 0.7400, 0.7900, 0.7800, 0.8200, 0.8600, 0.8800, 0.8300, 0.8700, 0.8400,
    0.9000, 0.8300, 0.8600, 0.8400, 0.8500, 0.8600, 0.8800, 0.8800, 0.9100, 0.8300,
    0.8700, 0.8200, 0.8700, 0.9000,
  ]


### TIME
#### elapsed_hours
  Points: 34
  Min: 0.0035, Max: 21.0920, Mean: 10.6524
  Data: [
    0.0035, 0.6603, 1.3008, 1.8735, 2.5965, 3.3728, 4.0073, 4.5947, 5.1057, 6.0225,
    6.6977, 7.4159, 7.9882, 8.5172, 9.1189, 9.9310, 10.4193, 11.0629, 11.4564, 12.2464,
    12.8384, 13.5769, 14.2222, 14.8029, 15.3630, 16.0700, 16.4662, 17.2622, 17.9805, 18.6517,
    19.0802, 19.8614, 20.5222, 21.0920,
  ]

#### episodes_per_hour
  Points: 34
  Min: 899.2045, Max: 3281413.9026, Mean: 98973.9206
  Data: [
    3281413.9026, 17789.3423, 9199.1587, 6493.6355, 4781.7850, 3761.2571, 3220.6404, 2854.5667, 2604.1623, 2260.8464,
    2068.7787, 1902.1300, 1790.8959, 1701.9761, 1612.6866, 1510.0133, 1455.5671, 1391.6841, 1356.1030, 1291.4862,
    1248.2855, 1200.2761, 1161.9890, 1130.5897, 1102.3904, 1069.4469, 1052.2140, 1019.9146, 993.6326, 970.7448,
    956.8055, 932.7636, 914.4238, 899.2045,
  ]

#### gradient_steps_per_second
  Points: 34
  Min: 6.2775, Max: 28281.1353, Mean: 851.6025
  Data: [
    28281.1353, 151.9281, 77.8718, 54.5400, 39.7815, 30.9811, 26.3199, 23.1579, 20.9971, 18.0367,
    16.3778, 14.9415, 13.9823, 13.2131, 12.4434, 11.5557, 11.0867, 10.5341, 10.2266, 9.6685,
    9.2954, 8.8782, 8.5472, 8.2750, 8.0311, 7.7469, 7.5983, 7.3200, 7.0919, 6.8939,
    6.7740, 6.5680, 6.4084, 6.2775,
  ]

#### steps_per_second
  Points: 34
  Min: 19.4582, Max: 74649.5249, Mean: 2251.1296
  Data: [
    74649.5249, 403.7612, 209.0358, 147.5648, 108.9361, 85.7039, 73.4813, 65.0576, 59.2200, 51.4124,
    46.9628, 43.2035, 40.6216, 38.5212, 36.4678, 34.0378, 32.7610, 31.2536, 30.3729, 28.8058,
    27.7990, 26.6425, 25.7256, 24.9689, 24.3067, 23.5299, 23.0961, 22.3342, 21.7204, 21.1601,
    20.8428, 20.2818, 19.8341, 19.4582,
  ]


### EVAL
#### combined_win_rate
  Points: 15
  Min: 0.8500, Max: 1.0000, Mean: 0.9433
  Data: [
    0.8750, 0.8500, 0.9250, 1.0000, 0.9000, 0.9500, 0.9750, 0.9250, 1.0000, 0.9750,
    0.9750, 0.9750, 0.9500, 0.9250, 0.9500,
  ]

#### gif_strong
  Points: 15
  Error: float() argument must be a string or a real number, not 'dict'

#### gif_weak
  Points: 15
  Error: float() argument must be a string or a real number, not 'dict'

#### strong_draws
  Points: 15
  Min: 0.0000, Max: 2.0000, Mean: 0.2667
  Data: [
    1.0000, 2.0000, 0.0000, 0.0000, 0.0000, 0.0000, 0.0000, 1.0000, 0.0000, 0.0000,
    0.0000, 0.0000, 0.0000, 0.0000, 0.0000,
  ]

#### strong_losses
  Points: 15
  Min: 0.0000, Max: 3.0000, Mean: 1.3333
  Data: [
    3.0000, 2.0000, 2.0000, 0.0000, 3.0000, 1.0000, 0.0000, 1.0000, 0.0000, 0.0000,
    1.0000, 1.0000, 2.0000, 3.0000, 1.0000,
  ]

#### strong_mean_reward
  Points: 15
  Min: 5.4022, Max: 9.3159, Mean: 7.6944
  Data: [
    5.4022, 5.7526, 7.2577, 9.2342, 5.8989, 8.4335, 8.9799, 7.6912, 9.2008, 9.3159,
    8.3238, 8.3685, 7.3089, 6.2188, 8.0286,
  ]

#### strong_win_rate
  Points: 15
  Min: 0.8000, Max: 1.0000, Mean: 0.9200
  Data: [
    0.8000, 0.8000, 0.9000, 1.0000, 0.8500, 0.9500, 1.0000, 0.9000, 1.0000, 1.0000,
    0.9500, 0.9500, 0.9000, 0.8500, 0.9500,
  ]

#### strong_wins
  Points: 15
  Min: 16.0000, Max: 20.0000, Mean: 18.4000
  Data: [
    16.0000, 16.0000, 18.0000, 20.0000, 17.0000, 19.0000, 20.0000, 18.0000, 20.0000, 20.0000,
    19.0000, 19.0000, 18.0000, 17.0000, 19.0000,
  ]

#### weak_draws
  Points: 15
  Min: 0.0000, Max: 1.0000, Mean: 0.3333
  Data: [
    1.0000, 0.0000, 1.0000, 0.0000, 0.0000, 1.0000, 0.0000, 0.0000, 0.0000, 1.0000,
    0.0000, 0.0000, 0.0000, 0.0000, 1.0000,
  ]

#### weak_losses
  Points: 15
  Min: 0.0000, Max: 2.0000, Mean: 0.3333
  Data: [
    0.0000, 2.0000, 0.0000, 0.0000, 1.0000, 0.0000, 1.0000, 1.0000, 0.0000, 0.0000,
    0.0000, 0.0000, 0.0000, 0.0000, 0.0000,
  ]

#### weak_mean_reward
  Points: 15
  Min: 7.2654, Max: 9.6040, Mean: 8.9601
  Data: [
    9.0507, 7.2654, 8.8314, 9.5340, 8.2880, 8.9563, 8.4260, 8.5000, 9.5124, 9.0509,
    9.6040, 9.4214, 9.5437, 9.4190, 8.9981,
  ]

#### weak_win_rate
  Points: 15
  Min: 0.9000, Max: 1.0000, Mean: 0.9667
  Data: [
    0.9500, 0.9000, 0.9500, 1.0000, 0.9500, 0.9500, 0.9500, 0.9500, 1.0000, 0.9500,
    1.0000, 1.0000, 1.0000, 1.0000, 0.9500,
  ]

#### weak_wins
  Points: 15
  Min: 18.0000, Max: 20.0000, Mean: 19.3333
  Data: [
    19.0000, 18.0000, 19.0000, 20.0000, 19.0000, 19.0000, 19.0000, 19.0000, 20.0000, 19.0000,
    20.0000, 20.0000, 20.0000, 20.0000, 19.0000,
  ]


### SELFPLAY
#### active
  Points: 34
  Min: 1.0000, Max: 1.0000, Mean: 1.0000
  Data: [
    1.0000, 1.0000, 1.0000, 1.0000, 1.0000, 1.0000, 1.0000, 1.0000, 1.0000, 1.0000,
    1.0000, 1.0000, 1.0000, 1.0000, 1.0000, 1.0000, 1.0000, 1.0000, 1.0000, 1.0000,
    1.0000, 1.0000, 1.0000, 1.0000, 1.0000, 1.0000, 1.0000, 1.0000, 1.0000, 1.0000,
    1.0000, 1.0000, 1.0000, 1.0000,
  ]

#### anchor_ratio_actual
  Points: 34
  Min: 0.6327, Max: 1.0000, Mean: 0.6555
  Data: [
    1.0000, 0.6425, 0.6327, 0.6568, 0.6442, 0.6408, 0.6387, 0.6348, 0.6409, 0.6442,
    0.6456, 0.6443, 0.6465, 0.6493, 0.6504, 0.6534, 0.6528, 0.6505, 0.6495, 0.6511,
    0.6501, 0.6479, 0.6471, 0.6469, 0.6470, 0.6442, 0.6445, 0.6455, 0.6423, 0.6417,
    0.6415, 0.6396, 0.6407, 0.6396,
  ]

#### anchor_strong_count
  Points: 34
  Min: 0.0000, Max: 2380.0000, Mean: 1205.6471
  Data: [
    0.0000, 71.0000, 139.0000, 211.0000, 287.0000, 372.0000, 441.0000, 505.0000, 567.0000, 674.0000,
    753.0000, 832.0000, 899.0000, 964.0000, 1034.0000, 1134.0000, 1189.0000, 1259.0000, 1302.0000, 1397.0000,
    1463.0000, 1545.0000, 1618.0000, 1686.0000, 1750.0000, 1823.0000, 1870.0000, 1962.0000, 2037.0000, 2111.0000,
    2159.0000, 2239.0000, 2319.0000, 2380.0000,
  ]

#### anchor_weak_count
  Points: 34
  Min: 1.0000, Max: 2379.0000, Mean: 1205.7353
  Data: [
    1.0000, 71.0000, 140.0000, 210.0000, 287.0000, 372.0000, 441.0000, 505.0000, 568.0000, 673.0000,
    752.0000, 831.0000, 899.0000, 965.0000, 1035.0000, 1134.0000, 1188.0000, 1259.0000, 1303.0000, 1397.0000,
    1463.0000, 1546.0000, 1618.0000, 1685.0000, 1751.0000, 1824.0000, 1869.0000, 1963.0000, 2036.0000, 2112.0000,
    2159.0000, 2239.0000, 2320.0000, 2379.0000,
  ]

#### anchor_weak_ratio
  Points: 34
  Min: 0.4988, Max: 1.0000, Mean: 0.5147
  Data: [
    1.0000, 0.5000, 0.5018, 0.4988, 0.5000, 0.5000, 0.5000, 0.5000, 0.5004, 0.4996,
    0.4997, 0.4997, 0.5000, 0.5003, 0.5002, 0.5000, 0.4998, 0.5000, 0.5002, 0.5000,
    0.5000, 0.5002, 0.5000, 0.4999, 0.5001, 0.5001, 0.4999, 0.5001, 0.4999, 0.5001,
    0.5000, 0.5000, 0.5001, 0.4999,
  ]

#### current_opponent_episode
  Points: 34
  Min: 11525.0000, Max: 18250.0000, Mean: 13583.0882
  Data: [
    11525.0000, 11525.0000, 11525.0000, 12000.0000, 12000.0000, 12250.0000, 12750.0000, 13000.0000, 12250.0000, 12000.0000,
    12750.0000, 13750.0000, 12750.0000, 11750.0000, 12750.0000, 12000.0000, 13750.0000, 14250.0000, 12000.0000, 13000.0000,
    16000.0000, 14250.0000, 13000.0000, 16500.0000, 13000.0000, 14750.0000, 13250.0000, 14500.0000, 16250.0000, 17750.0000,
    17750.0000, 18250.0000, 14750.0000, 12250.0000,
  ]

#### current_opponent_idx
  Points: 34
  Min: 0.0000, Max: 27.0000, Mean: 8.3235
  Data: [
    0.0000, 0.0000, 0.0000, 2.0000, 2.0000, 3.0000, 5.0000, 6.0000, 3.0000, 2.0000,
    5.0000, 9.0000, 5.0000, 1.0000, 5.0000, 2.0000, 9.0000, 11.0000, 2.0000, 6.0000,
    18.0000, 11.0000, 6.0000, 20.0000, 6.0000, 13.0000, 7.0000, 12.0000, 19.0000, 25.0000,
    25.0000, 27.0000, 13.0000, 3.0000,
  ]

#### episodes_since_activation
  Points: 34
  Min: 1.0000, Max: 7441.0000, Mean: 3738.0588
  Data: [
    1.0000, 221.0000, 441.0000, 641.0000, 891.0000, 1161.0000, 1381.0000, 1591.0000, 1771.0000, 2091.0000,
    2331.0000, 2581.0000, 2781.0000, 2971.0000, 3181.0000, 3471.0000, 3641.0000, 3871.0000, 4011.0000, 4291.0000,
    4501.0000, 4771.0000, 5001.0000, 5211.0000, 5411.0000, 5661.0000, 5801.0000, 6081.0000, 6341.0000, 6581.0000,
    6731.0000, 7001.0000, 7241.0000, 7441.0000,
  ]

#### newest_opponent_episode
  Points: 34
  Min: 11525.0000, Max: 18750.0000, Mean: 15141.1765
  Data: [
    11525.0000, 11525.0000, 11750.0000, 12000.0000, 12250.0000, 12500.0000, 12750.0000, 13000.0000, 13250.0000, 13500.0000,
    13750.0000, 14000.0000, 14250.0000, 14250.0000, 14500.0000, 14750.0000, 15000.0000, 15250.0000, 15500.0000, 15750.0000,
    16000.0000, 16250.0000, 16500.0000, 16500.0000, 16750.0000, 17000.0000, 17250.0000, 17500.0000, 17750.0000, 18000.0000,
    18250.0000, 18500.0000, 18750.0000, 18750.0000,
  ]

#### oldest_opponent_episode
  Points: 34
  Min: 11525.0000, Max: 11525.0000, Mean: 11525.0000
  Data: [
    11525.0000, 11525.0000, 11525.0000, 11525.0000, 11525.0000, 11525.0000, 11525.0000, 11525.0000, 11525.0000, 11525.0000,
    11525.0000, 11525.0000, 11525.0000, 11525.0000, 11525.0000, 11525.0000, 11525.0000, 11525.0000, 11525.0000, 11525.0000,
    11525.0000, 11525.0000, 11525.0000, 11525.0000, 11525.0000, 11525.0000, 11525.0000, 11525.0000, 11525.0000, 11525.0000,
    11525.0000, 11525.0000, 11525.0000, 11525.0000,
  ]

#### pfsp_avg_winrate
  Points: 34
  Min: 0.4969, Max: 0.6696, Mean: 0.5757
  Data: [
    0.5000, 0.6236, 0.6696, 0.6422, 0.5861, 0.5443, 0.4969, 0.5304, 0.5336, 0.5770,
    0.5468, 0.5229, 0.5158, 0.5169, 0.5272, 0.5344, 0.5502, 0.5633, 0.5686, 0.5496,
    0.5674, 0.5828, 0.5794, 0.5782, 0.5899, 0.5999, 0.6052, 0.6247, 0.6313, 0.6274,
    0.6235, 0.6220, 0.6194, 0.6245,
  ]

#### pfsp_max_winrate
  Points: 34
  Min: 0.5000, Max: 0.9100, Mean: 0.8302
  Data: [
    0.5000, 0.7473, 0.8200, 0.8400, 0.8500, 0.8200, 0.8100, 0.8100, 0.8200, 0.8100,
    0.8200, 0.8200, 0.8000, 0.8100, 0.8200, 0.8200, 0.8200, 0.8200, 0.8200, 0.8100,
    0.8100, 0.8100, 0.8300, 0.8300, 0.8600, 0.8600, 0.8900, 0.8900, 0.9100, 0.9100,
    0.9100, 0.9100, 0.9100, 0.9100,
  ]

#### pfsp_min_winrate
  Points: 34
  Min: 0.1429, Max: 0.5192, Mean: 0.3215
  Data: [
    0.5000, 0.5000, 0.5192, 0.5000, 0.3774, 0.3889, 0.2353, 0.3846, 0.3333, 0.4667,
    0.2222, 0.2000, 0.1579, 0.1429, 0.1739, 0.2500, 0.3333, 0.4146, 0.4000, 0.2000,
    0.2857, 0.3077, 0.2500, 0.2222, 0.2727, 0.3529, 0.3500, 0.4348, 0.2222, 0.3636,
    0.2857, 0.3158, 0.2667, 0.3000,
  ]

#### pfsp_num_tracked
  Points: 34
  Min: 1.0000, Max: 30.0000, Mean: 15.4118
  Data: [
    1.0000, 2.0000, 2.0000, 3.0000, 4.0000, 5.0000, 6.0000, 7.0000, 8.0000, 9.0000,
    10.0000, 11.0000, 12.0000, 12.0000, 13.0000, 14.0000, 15.0000, 16.0000, 17.0000, 18.0000,
    19.0000, 19.0000, 20.0000, 21.0000, 22.0000, 23.0000, 24.0000, 24.0000, 26.0000, 27.0000,
    27.0000, 28.0000, 29.0000, 30.0000,
  ]

#### pfsp_std_winrate
  Points: 34
  Min: 0.0000, Max: 0.2018, Mean: 0.1360
  Data: [
    0.0000, 0.1236, 0.1504, 0.1443, 0.1839, 0.1683, 0.2018, 0.1581, 0.1611, 0.1255,
    0.1678, 0.1712, 0.1653, 0.1706, 0.1592, 0.1455, 0.1301, 0.1162, 0.1117, 0.1406,
    0.1224, 0.1165, 0.1343, 0.1395, 0.1231, 0.1149, 0.1160, 0.1033, 0.1265, 0.1115,
    0.1242, 0.1242, 0.1375, 0.1366,
  ]

#### pool_size
  Points: 34
  Min: 1.0000, Max: 30.0000, Mean: 15.5588
  Data: [
    1.0000, 1.0000, 2.0000, 3.0000, 4.0000, 5.0000, 6.0000, 7.0000, 8.0000, 9.0000,
    10.0000, 11.0000, 12.0000, 12.0000, 13.0000, 14.0000, 15.0000, 16.0000, 17.0000, 18.0000,
    19.0000, 20.0000, 21.0000, 21.0000, 22.0000, 23.0000, 24.0000, 25.0000, 26.0000, 27.0000,
    28.0000, 29.0000, 30.0000, 30.0000,
  ]

#### selfplay_count
  Points: 34
  Min: 0.0000, Max: 2682.0000, Mean: 1326.6765
  Data: [
    0.0000, 79.0000, 162.0000, 220.0000, 317.0000, 417.0000, 499.0000, 581.0000, 636.0000, 744.0000,
    826.0000, 918.0000, 983.0000, 1042.0000, 1112.0000, 1203.0000, 1264.0000, 1353.0000, 1406.0000, 1497.0000,
    1575.0000, 1680.0000, 1765.0000, 1840.0000, 1910.0000, 2014.0000, 2062.0000, 2156.0000, 2268.0000, 2358.0000,
    2413.0000, 2523.0000, 2602.0000, 2682.0000,
  ]

#### selfplay_ratio_actual
  Points: 34
  Min: 0.0000, Max: 0.3673, Mean: 0.3445
  Data: [
    0.0000, 0.3575, 0.3673, 0.3432, 0.3558, 0.3592, 0.3613, 0.3652, 0.3591, 0.3558,
    0.3544, 0.3557, 0.3535, 0.3507, 0.3496, 0.3466, 0.3472, 0.3495, 0.3505, 0.3489,
    0.3499, 0.3521, 0.3529, 0.3531, 0.3530, 0.3558, 0.3555, 0.3545, 0.3577, 0.3583,
    0.3585, 0.3604, 0.3593, 0.3604,
  ]

#### weak_ratio_target
  Points: 34
  Min: 0.6500, Max: 0.6500, Mean: 0.6500
  Data: [
    0.6500, 0.6500, 0.6500, 0.6500, 0.6500, 0.6500, 0.6500, 0.6500, 0.6500, 0.6500,
    0.6500, 0.6500, 0.6500, 0.6500, 0.6500, 0.6500, 0.6500, 0.6500, 0.6500, 0.6500,
    0.6500, 0.6500, 0.6500, 0.6500, 0.6500, 0.6500, 0.6500, 0.6500, 0.6500, 0.6500,
    0.6500, 0.6500, 0.6500, 0.6500,
  ]

#### winrate_middle_third
  Points: 33
  Min: 0.5100, Max: 0.8050, Mean: 0.6259
  Data: [
    0.6000, 0.5319, 0.5714, 0.5670, 0.5312, 0.5190, 0.5430, 0.5550, 0.5500, 0.5650,
    0.5350, 0.5500, 0.5700, 0.5400, 0.5200, 0.5100, 0.5450, 0.5250, 0.5650, 0.6300,
    0.6250, 0.6800, 0.7150, 0.7250, 0.7300, 0.7350, 0.7400, 0.7700, 0.7700, 0.7600,
    0.7800, 0.7950, 0.8050,
  ]

#### winrate_newest_third
  Points: 32
  Min: 0.2500, Max: 0.6200, Mean: 0.4979
  Data: [
    0.2500, 0.5000, 0.4286, 0.4318, 0.3866, 0.4138, 0.4268, 0.4500, 0.4300, 0.4350,
    0.4100, 0.4150, 0.4500, 0.4700, 0.4850, 0.4800, 0.5150, 0.5500, 0.5700, 0.5800,
    0.5400, 0.5300, 0.5400, 0.5550, 0.5600, 0.5600, 0.5850, 0.6200, 0.6050, 0.5850,
    0.5800, 0.5950,
  ]

#### winrate_oldest_third
  Points: 34
  Min: 0.5000, Max: 0.8300, Mean: 0.7701
  Data: [
    0.5000, 0.7473, 0.7680, 0.7836, 0.7853, 0.7700, 0.8000, 0.7900, 0.7900, 0.8100,
    0.7900, 0.7850, 0.7700, 0.7900, 0.7500, 0.7400, 0.7350, 0.7250, 0.7150, 0.6950,
    0.7150, 0.7300, 0.7750, 0.8000, 0.7900, 0.7900, 0.8000, 0.8100, 0.8250, 0.8250,
    0.8250, 0.8050, 0.8250, 0.8300,
  ]

#### winrate_vs_pool_overall
  Points: 34
  Min: 0.5000, Max: 0.7380, Mean: 0.6442
  Data: [
    0.5000, 0.7064, 0.6949, 0.6894, 0.6513, 0.6189, 0.6020, 0.5840, 0.5920, 0.6060,
    0.6000, 0.5940, 0.5960, 0.5900, 0.5680, 0.5700, 0.5500, 0.5800, 0.5940, 0.6140,
    0.6540, 0.6700, 0.6700, 0.6760, 0.6800, 0.6980, 0.6940, 0.6960, 0.7260, 0.7320,
    0.7380, 0.7180, 0.7200, 0.7300,
  ]


### WORLD
#### continue_actual_mean
  Points: 34
  Min: 0.9808, Max: 0.9919, Mean: 0.9859
  Data: [
    0.9839, 0.9889, 0.9889, 0.9819, 0.9839, 0.9829, 0.9869, 0.9879, 0.9879, 0.9808,
    0.9899, 0.9869, 0.9879, 0.9859, 0.9889, 0.9889, 0.9889, 0.9839, 0.9869, 0.9808,
    0.9819, 0.9829, 0.9859, 0.9879, 0.9859, 0.9879, 0.9819, 0.9829, 0.9839, 0.9879,
    0.9899, 0.9839, 0.9919, 0.9819,
  ]

#### continue_loss
  Points: 34
  Min: 0.0001, Max: 0.0155, Mean: 0.0017
  Data: [
    0.0012, 0.0003, 0.0005, 0.0007, 0.0004, 0.0060, 0.0033, 0.0006, 0.0002, 0.0155,
    0.0008, 0.0008, 0.0003, 0.0017, 0.0012, 0.0018, 0.0003, 0.0008, 0.0003, 0.0003,
    0.0003, 0.0015, 0.0027, 0.0001, 0.0017, 0.0002, 0.0007, 0.0024, 0.0012, 0.0020,
    0.0047, 0.0030, 0.0001, 0.0002,
  ]

#### continue_pred_mean
  Points: 34
  Min: 0.9808, Max: 0.9922, Mean: 0.9860
  Data: [
    0.9839, 0.9890, 0.9891, 0.9813, 0.9838, 0.9841, 0.9877, 0.9875, 0.9879, 0.9831,
    0.9893, 0.9873, 0.9877, 0.9863, 0.9895, 0.9890, 0.9887, 0.9834, 0.9868, 0.9808,
    0.9820, 0.9816, 0.9861, 0.9879, 0.9866, 0.9880, 0.9820, 0.9837, 0.9837, 0.9866,
    0.9922, 0.9841, 0.9919, 0.9819,
  ]

#### kl_loss
  Points: 34
  Min: 2.7452, Max: 3.9087, Mean: 3.3989
  Data: [
    3.0320, 2.7452, 2.9040, 3.3104, 3.0618, 3.2561, 3.4775, 3.7311, 3.4323, 3.2902,
    3.5425, 3.4999, 3.5328, 3.6194, 3.3105, 3.5351, 3.5761, 3.3300, 3.5883, 3.2376,
    3.5368, 3.4189, 3.4735, 3.4561, 3.7583, 3.3826, 3.1053, 3.1057, 3.3785, 3.2052,
    3.9087, 3.8628, 3.4556, 3.5006,
  ]

#### latent_entropy
  Points: 34
  Min: 1.4177, Max: 1.4918, Mean: 1.4513
  Data: [
    1.4918, 1.4477, 1.4428, 1.4181, 1.4339, 1.4341, 1.4362, 1.4230, 1.4657, 1.4437,
    1.4613, 1.4618, 1.4676, 1.4743, 1.4671, 1.4644, 1.4539, 1.4508, 1.4738, 1.4230,
    1.4425, 1.4422, 1.4666, 1.4518, 1.4735, 1.4674, 1.4430, 1.4627, 1.4466, 1.4496,
    1.4422, 1.4240, 1.4806, 1.4177,
  ]

#### loss
  Points: 34
  Min: 19.7375, Max: 21.2329, Mean: 20.4798
  Data: [
    20.0651, 19.7375, 19.9224, 20.3960, 20.1463, 20.3396, 20.5640, 20.8217, 20.4922, 20.4267,
    20.5993, 20.5458, 20.6241, 20.7303, 20.3829, 20.6423, 20.6616, 20.3952, 20.6617, 20.3302,
    20.6322, 20.5296, 20.6069, 20.5333, 20.7959, 20.4135, 20.1535, 20.1449, 20.4510, 20.3100,
    21.2329, 20.9455, 20.5249, 20.5532,
  ]

#### prior_posterior_kl
  Points: 34
  Min: 0.2166, Max: 0.2838, Mean: 0.2544
  Data: [
    0.2333, 0.2166, 0.2262, 0.2493, 0.2353, 0.2462, 0.2592, 0.2740, 0.2567, 0.2481,
    0.2631, 0.2597, 0.2622, 0.2668, 0.2496, 0.2623, 0.2648, 0.2505, 0.2656, 0.2448,
    0.2625, 0.2559, 0.2584, 0.2578, 0.2752, 0.2534, 0.2366, 0.2372, 0.2529, 0.2435,
    0.2838, 0.2810, 0.2575, 0.2597,
  ]

#### recon_error_max
  Points: 34
  Min: 0.2667, Max: 1.4708, Mean: 0.6269
  Data: [
    0.3918, 0.4785, 0.2999, 0.3322, 0.6392, 0.5104, 0.8821, 1.2711, 0.3879, 0.7017,
    0.6186, 0.4788, 0.9258, 0.4541, 0.5951, 0.6520, 0.6685, 0.5740, 0.7284, 0.6817,
    1.0026, 0.7554, 0.9392, 0.5362, 0.3392, 0.4627, 0.5618, 0.2667, 0.4934, 0.5565,
    1.4708, 0.5126, 0.7526, 0.3923,
  ]

#### recon_error_mean
  Points: 34
  Min: 0.0242, Max: 0.0335, Mean: 0.0283
  Data: [
    0.0256, 0.0242, 0.0253, 0.0286, 0.0308, 0.0281, 0.0281, 0.0320, 0.0286, 0.0264,
    0.0282, 0.0276, 0.0314, 0.0335, 0.0263, 0.0290, 0.0282, 0.0267, 0.0298, 0.0285,
    0.0294, 0.0299, 0.0300, 0.0298, 0.0280, 0.0256, 0.0251, 0.0249, 0.0260, 0.0273,
    0.0319, 0.0296, 0.0292, 0.0272,
  ]

#### recon_error_std
  Points: 34
  Min: 0.0296, Max: 0.0673, Mean: 0.0437
  Data: [
    0.0331, 0.0343, 0.0317, 0.0384, 0.0515, 0.0414, 0.0464, 0.0673, 0.0341, 0.0412,
    0.0428, 0.0416, 0.0544, 0.0435, 0.0427, 0.0414, 0.0432, 0.0396, 0.0492, 0.0505,
    0.0577, 0.0516, 0.0508, 0.0470, 0.0352, 0.0408, 0.0406, 0.0296, 0.0385, 0.0414,
    0.0661, 0.0414, 0.0435, 0.0344,
  ]

#### recon_loss
  Points: 34
  Min: 16.7591, Max: 16.8420, Mean: 16.7953
  Data: [
    16.7709, 16.7591, 16.7682, 16.7986, 16.8178, 16.7934, 16.7942, 16.8292, 16.7985, 16.7784,
    16.7945, 16.7893, 16.8236, 16.8420, 16.7780, 16.8022, 16.7950, 16.7813, 16.8094, 16.7975,
    16.8054, 16.8100, 16.8107, 16.8095, 16.7927, 16.7712, 16.7669, 16.7649, 16.7750, 16.7864,
    16.8278, 16.8077, 16.8038, 16.7861,
  ]

#### reward_actual_mean
  Points: 34
  Min: 0.0145, Max: 0.0778, Mean: 0.0404
  Data: [
    0.0716, 0.0459, 0.0436, 0.0711, 0.0292, 0.0459, 0.0558, 0.0385, 0.0447, 0.0449,
    0.0222, 0.0289, 0.0382, 0.0394, 0.0267, 0.0206, 0.0222, 0.0404, 0.0254, 0.0316,
    0.0436, 0.0578, 0.0458, 0.0379, 0.0428, 0.0341, 0.0597, 0.0541, 0.0243, 0.0478,
    0.0145, 0.0296, 0.0162, 0.0778,
  ]

#### reward_loss
  Points: 34
  Min: 0.2329, Max: 0.4918, Mean: 0.2839
  Data: [
    0.2611, 0.2329, 0.2498, 0.2863, 0.2663, 0.2841, 0.2890, 0.2608, 0.2612, 0.3426,
    0.2616, 0.2558, 0.2674, 0.2672, 0.2933, 0.3032, 0.2902, 0.2832, 0.2637, 0.2948,
    0.2897, 0.2991, 0.3199, 0.2675, 0.2433, 0.2594, 0.2806, 0.2720, 0.2962, 0.3164,
    0.4918, 0.2720, 0.2654, 0.2663,
  ]

#### reward_pred_error_mean
  Points: 34
  Min: 0.0045, Max: 0.0159, Mean: 0.0093
  Data: [
    0.0058, 0.0056, 0.0045, 0.0081, 0.0058, 0.0135, 0.0147, 0.0082, 0.0059, 0.0089,
    0.0071, 0.0050, 0.0099, 0.0064, 0.0093, 0.0132, 0.0156, 0.0092, 0.0077, 0.0110,
    0.0092, 0.0095, 0.0132, 0.0079, 0.0065, 0.0079, 0.0137, 0.0093, 0.0124, 0.0136,
    0.0159, 0.0069, 0.0092, 0.0062,
  ]

#### reward_pred_error_std
  Points: 34
  Min: 0.0159, Max: 0.1103, Mean: 0.0522
  Data: [
    0.0372, 0.0395, 0.0159, 0.0413, 0.0250, 0.0953, 0.0834, 0.0474, 0.0209, 0.0604,
    0.0477, 0.0162, 0.0487, 0.0329, 0.0608, 0.0837, 0.1103, 0.0367, 0.0483, 0.0529,
    0.0426, 0.0418, 0.0753, 0.0418, 0.0374, 0.0402, 0.0807, 0.0523, 0.0774, 0.0910,
    0.0739, 0.0268, 0.0628, 0.0267,
  ]

#### reward_pred_mean
  Points: 34
  Min: 0.0114, Max: 0.0765, Mean: 0.0419
  Data: [
    0.0709, 0.0491, 0.0417, 0.0737, 0.0321, 0.0498, 0.0477, 0.0409, 0.0446, 0.0439,
    0.0249, 0.0289, 0.0380, 0.0405, 0.0287, 0.0264, 0.0224, 0.0420, 0.0247, 0.0338,
    0.0458, 0.0619, 0.0533, 0.0387, 0.0431, 0.0345, 0.0585, 0.0535, 0.0331, 0.0569,
    0.0114, 0.0319, 0.0216, 0.0765,
  ]


### BEHAVIOR
#### actor_loss
  Points: 34
  Min: -0.0064, Max: 0.0089, Mean: 0.0018
  Data: [
    -0.0013, 0.0051, 0.0043, 0.0003, -0.0020, 0.0033, 0.0017, 0.0063, 0.0021, 0.0017,
    0.0055, 0.0047, 0.0029, 0.0029, 0.0033, 0.0048, 0.0033, 0.0061, -0.0029, 0.0027,
    0.0025, 0.0089, 0.0006, 0.0072, 0.0014, 0.0008, -0.0064, 0.0039, -0.0020, -0.0037,
    -0.0031, 0.0009, -0.0054, -0.0000,
  ]

#### actor_mean_abs
  Points: 34
  Min: 0.3084, Max: 0.3710, Mean: 0.3441
  Data: [
    0.3136, 0.3377, 0.3395, 0.3115, 0.3386, 0.3534, 0.3345, 0.3412, 0.3658, 0.3389,
    0.3710, 0.3491, 0.3379, 0.3344, 0.3427, 0.3554, 0.3646, 0.3499, 0.3674, 0.3599,
    0.3420, 0.3387, 0.3492, 0.3515, 0.3243, 0.3084, 0.3250, 0.3436, 0.3321, 0.3559,
    0.3526, 0.3644, 0.3353, 0.3687,
  ]

#### advantages_abs_mean
  Points: 34
  Min: 0.0445, Max: 0.2345, Mean: 0.0698
  Data: [
    0.2345, 0.0528, 0.0653, 0.0445, 0.0621, 0.0659, 0.0655, 0.0702, 0.0633, 0.0761,
    0.0820, 0.0677, 0.0638, 0.0696, 0.0702, 0.0700, 0.0755, 0.0633, 0.0750, 0.0654,
    0.0627, 0.0638, 0.0580, 0.0668, 0.0578, 0.0585, 0.0646, 0.0656, 0.0578, 0.0615,
    0.0622, 0.0655, 0.0559, 0.0680,
  ]

#### advantages_max
  Points: 34
  Min: 0.8586, Max: 6.3058, Mean: 1.3760
  Data: [
    6.3058, 1.0925, 1.9608, 0.9808, 1.6317, 1.4294, 1.0758, 1.1123, 0.9868, 1.4669,
    2.3169, 1.2292, 0.9160, 1.1204, 1.0317, 1.3358, 1.1861, 1.4954, 1.3609, 0.8779,
    0.9083, 1.0844, 0.8586, 1.0837, 0.9955, 1.1674, 1.3371, 1.2108, 0.9611, 1.3441,
    1.3286, 0.9392, 1.2281, 1.4249,
  ]

#### advantages_mean
  Points: 34
  Min: -0.0210, Max: 0.0152, Mean: 0.0054
  Data: [
    -0.0210, 0.0055, 0.0114, 0.0070, -0.0063, 0.0026, 0.0073, 0.0110, 0.0128, 0.0051,
    0.0152, 0.0068, 0.0009, 0.0066, 0.0121, 0.0098, -0.0038, 0.0053, 0.0062, 0.0034,
    0.0047, 0.0109, 0.0038, 0.0078, 0.0106, 0.0002, -0.0002, 0.0148, 0.0045, 0.0039,
    0.0108, -0.0046, 0.0100, 0.0090,
  ]

#### advantages_min
  Points: 34
  Min: -11.4120, Max: -1.3484, Mean: -2.0449
  Data: [
    -11.4120, -1.5066, -2.5923, -1.4040, -2.1661, -1.4567, -1.5364, -1.6211, -1.9105, -1.3913,
    -2.3375, -1.5358, -1.6114, -2.2085, -1.3484, -1.8005, -1.9156, -1.3986, -1.5036, -1.5746,
    -1.3939, -1.3858, -2.5362, -1.6589, -1.7212, -1.7986, -1.8192, -2.0236, -1.6353, -1.8627,
    -1.8435, -1.8563, -1.7375, -2.0215,
  ]

#### advantages_std
  Points: 34
  Min: 0.0899, Max: 0.5837, Mean: 0.1449
  Data: [
    0.5837, 0.1117, 0.1364, 0.0899, 0.1436, 0.1421, 0.1330, 0.1285, 0.1203, 0.1499,
    0.1754, 0.1383, 0.1281, 0.1363, 0.1378, 0.1304, 0.1606, 0.1213, 0.1444, 0.1368,
    0.1275, 0.1253, 0.1170, 0.1332, 0.1166, 0.1243, 0.1439, 0.1260, 0.1244, 0.1281,
    0.1164, 0.1415, 0.1128, 0.1404,
  ]

#### critic_loss
  Points: 34
  Min: 0.6562, Max: 1.1253, Mean: 0.9982
  Data: [
    0.6562, 0.8369, 0.9345, 0.8626, 0.9548, 0.9783, 1.0188, 1.0906, 1.0042, 1.0246,
    0.9790, 1.0497, 1.0069, 1.0493, 1.0542, 1.1103, 1.0592, 1.0789, 1.1253, 1.0052,
    1.0446, 1.0567, 0.9994, 1.0619, 0.9919, 1.0266, 0.9809, 0.9879, 0.9836, 0.9695,
    0.9995, 1.0289, 0.9144, 1.0122,
  ]

#### entropy_max
  Points: 34
  Min: 7.6636, Max: 7.6744, Mean: 7.6715
  Data: [
    7.6716, 7.6731, 7.6740, 7.6741, 7.6744, 7.6697, 7.6734, 7.6722, 7.6695, 7.6707,
    7.6715, 7.6690, 7.6716, 7.6700, 7.6637, 7.6708, 7.6636, 7.6700, 7.6733, 7.6716,
    7.6718, 7.6706, 7.6690, 7.6726, 7.6700, 7.6739, 7.6724, 7.6717, 7.6719, 7.6743,
    7.6733, 7.6738, 7.6743, 7.6742,
  ]

#### entropy_mean
  Points: 34
  Min: 3.1587, Max: 3.8518, Mean: 3.4825
  Data: [
    3.7960, 3.5823, 3.4064, 3.7608, 3.5904, 3.5142, 3.6009, 3.3288, 3.3186, 3.5528,
    3.2876, 3.4529, 3.8518, 3.6762, 3.3144, 3.5673, 3.1915, 3.3532, 3.2365, 3.3594,
    3.4839, 3.4426, 3.1587, 3.2351, 3.5332, 3.6871, 3.5991, 3.4396, 3.8383, 3.4407,
    3.4359, 3.4226, 3.6319, 3.3158,
  ]

#### entropy_min
  Points: 34
  Min: 1.6758, Max: 1.6758, Mean: 1.6758
  Data: [
    1.6758, 1.6758, 1.6758, 1.6758, 1.6758, 1.6758, 1.6758, 1.6758, 1.6758, 1.6758,
    1.6758, 1.6758, 1.6758, 1.6758, 1.6758, 1.6758, 1.6758, 1.6758, 1.6758, 1.6758,
    1.6758, 1.6758, 1.6758, 1.6758, 1.6758, 1.6758, 1.6758, 1.6758, 1.6758, 1.6758,
    1.6758, 1.6758, 1.6758, 1.6758,
  ]

#### entropy_std
  Points: 34
  Min: 1.7351, Max: 2.0846, Mean: 1.9018
  Data: [
    2.0526, 2.0208, 1.8122, 1.9975, 1.9539, 1.9576, 1.9157, 1.7796, 1.7959, 2.0673,
    1.9185, 1.9215, 2.0846, 2.0006, 1.7722, 1.9117, 1.7717, 1.7351, 2.0007, 1.9446,
    1.9637, 1.8456, 1.7901, 1.8577, 1.9522, 1.9530, 1.9980, 1.9256, 1.9999, 1.7545,
    1.7438, 1.7609, 1.9239, 1.7780,
  ]

#### logprobs_mean
  Points: 34
  Min: -0.9017, Max: -0.6350, Mean: -0.7518
  Data: [
    -0.9001, -0.8019, -0.8164, -0.9017, -0.8005, -0.7128, -0.7911, -0.7822, -0.6555, -0.7707,
    -0.6388, -0.7368, -0.8046, -0.8052, -0.7359, -0.7198, -0.6719, -0.7124, -0.6600, -0.6561,
    -0.7599, -0.7884, -0.7075, -0.6903, -0.8194, -0.8653, -0.8234, -0.7543, -0.7943, -0.6888,
    -0.7268, -0.6601, -0.7747, -0.6350,
  ]

#### logprobs_std
  Points: 34
  Min: 1.5828, Max: 1.7010, Mean: 1.6331
  Data: [
    1.6249, 1.6318, 1.6066, 1.5969, 1.6398, 1.6646, 1.6078, 1.5987, 1.6361, 1.6088,
    1.6676, 1.6376, 1.6520, 1.6650, 1.5999, 1.6792, 1.6301, 1.5938, 1.6317, 1.6449,
    1.6207, 1.6105, 1.5984, 1.6225, 1.6407, 1.5828, 1.6222, 1.6135, 1.7010, 1.6892,
    1.6294, 1.6341, 1.6613, 1.6824,
  ]

#### mean_reg_loss
  Points: 34
  Min: 0.0018, Max: 0.0025, Mean: 0.0022
  Data: [
    0.0019, 0.0022, 0.0021, 0.0019, 0.0022, 0.0023, 0.0020, 0.0021, 0.0024, 0.0022,
    0.0025, 0.0023, 0.0021, 0.0021, 0.0021, 0.0023, 0.0024, 0.0022, 0.0024, 0.0024,
    0.0021, 0.0021, 0.0022, 0.0023, 0.0020, 0.0018, 0.0020, 0.0022, 0.0022, 0.0024,
    0.0023, 0.0024, 0.0022, 0.0025,
  ]


### VALUES
#### critic_slow_diff
  Points: 34
  Min: 0.0259, Max: 0.0855, Mean: 0.0452
  Data: [
    0.0286, 0.0259, 0.0487, 0.0287, 0.0395, 0.0722, 0.0366, 0.0406, 0.0259, 0.0493,
    0.0438, 0.0333, 0.0377, 0.0449, 0.0577, 0.0511, 0.0374, 0.0471, 0.0855, 0.0334,
    0.0469, 0.0553, 0.0361, 0.0559, 0.0533, 0.0309, 0.0400, 0.0577, 0.0628, 0.0406,
    0.0388, 0.0646, 0.0449, 0.0404,
  ]

#### lambda_returns_max
  Points: 34
  Min: 5.8589, Max: 11.7641, Mean: 7.0955
  Data: [
    6.9231, 6.0692, 11.7641, 6.3777, 9.0116, 10.5955, 7.3715, 6.6981, 6.5425, 5.8589,
    8.3081, 6.3938, 6.3482, 6.5884, 5.9052, 6.7852, 6.7776, 9.4824, 7.7956, 6.7787,
    6.6240, 6.8070, 5.8950, 6.2757, 6.2651, 5.8851, 8.5385, 7.1123, 6.8697, 6.3130,
    6.2224, 6.0956, 6.5538, 7.4127,
  ]

#### lambda_returns_mean
  Points: 34
  Min: 2.3805, Max: 3.3220, Mean: 2.6181
  Data: [
    3.3220, 2.7193, 2.8188, 2.6176, 2.5598, 2.6457, 2.4836, 2.4106, 2.5690, 2.5583,
    2.8370, 2.4098, 2.4821, 2.6101, 2.3805, 2.3893, 2.4685, 2.4687, 2.5557, 2.5592,
    2.4203, 2.6547, 2.6850, 2.5830, 2.5458, 2.5295, 2.8319, 2.7750, 2.6769, 2.9737,
    2.5997, 2.5817, 2.5187, 2.7722,
  ]

#### lambda_returns_min
  Points: 34
  Min: -6.5203, Max: -3.7395, Mean: -5.5677
  Data: [
    -3.7395, -4.7078, -6.4055, -3.8787, -6.2121, -5.8422, -6.5203, -5.2755, -5.0430, -6.0106,
    -5.3745, -5.9864, -4.9954, -5.4979, -5.9808, -5.6765, -6.0450, -5.0154, -5.9047, -5.8134,
    -5.3239, -5.0352, -6.1264, -5.8165, -4.9465, -5.7788, -6.1028, -5.8112, -6.3071, -5.5110,
    -6.1160, -6.2622, -4.7780, -5.4621,
  ]

#### lambda_returns_std
  Points: 34
  Min: 0.8890, Max: 1.6297, Mean: 1.2747
  Data: [
    0.8890, 1.1765, 1.0099, 0.9802, 1.6220, 1.4867, 1.2513, 1.0540, 1.3006, 1.4567,
    1.3233, 1.1218, 1.2788, 1.3664, 1.2080, 1.2868, 1.5028, 1.4002, 1.6297, 1.5600,
    1.3037, 1.2047, 1.2518, 1.3459, 1.1722, 1.2571, 1.3590, 1.3195, 1.3441, 1.1658,
    1.1758, 1.2382, 1.1353, 1.1624,
  ]

#### max
  Points: 34
  Min: 5.1227, Max: 6.7465, Mean: 5.3660
  Data: [
    5.4682, 5.3260, 5.7825, 5.6402, 5.5971, 5.9228, 5.1615, 5.1988, 5.2151, 5.1347,
    5.2032, 5.1774, 5.2090, 5.2843, 5.4473, 5.1594, 5.1500, 5.2556, 5.3950, 5.2002,
    5.2326, 5.2796, 5.1918, 6.7465, 5.2178, 5.2337, 5.8935, 5.2276, 5.6176, 5.1227,
    5.1262, 5.2048, 5.1836, 5.2375,
  ]

#### mean
  Points: 34
  Min: 2.3330, Max: 3.3263, Mean: 2.5888
  Data: [
    3.3263, 2.6952, 2.7712, 2.5853, 2.5775, 2.6280, 2.4488, 2.3644, 2.5116, 2.5387,
    2.7744, 2.3824, 2.4751, 2.5793, 2.3330, 2.3463, 2.4834, 2.4404, 2.5203, 2.5409,
    2.3921, 2.6014, 2.6596, 2.5452, 2.4959, 2.5229, 2.8220, 2.7095, 2.6485, 2.9511,
    2.5541, 2.5944, 2.4753, 2.7252,
  ]

#### min
  Points: 34
  Min: -5.2281, Max: -3.6451, Mean: -4.6750
  Data: [
    -3.6911, -4.2378, -4.8316, -3.6451, -5.1969, -4.5401, -4.5714, -4.9451, -4.1490, -4.6400,
    -4.8989, -4.7709, -4.2213, -5.0259, -4.3220, -4.7908, -5.1474, -4.3259, -4.8592, -4.8445,
    -4.2956, -4.1941, -4.8675, -5.2281, -4.8026, -5.1339, -4.5442, -4.8886, -4.8436, -5.0360,
    -4.9041, -4.8673, -4.6994, -4.9887,
  ]

#### norm_high
  Points: 34
  Min: 0.7615, Max: 4.9944, Mean: 4.8069
  Data: [
    0.7615, 4.9584, 4.9412, 4.8977, 4.9240, 4.9046, 4.8824, 4.8714, 4.8811, 4.9000,
    4.9424, 4.8879, 4.9205, 4.9302, 4.8748, 4.8678, 4.9066, 4.8994, 4.9288, 4.9485,
    4.9115, 4.9944, 4.9364, 4.9293, 4.9670, 4.9446, 4.9687, 4.9911, 4.9651, 4.9484,
    4.9523, 4.9502, 4.9783, 4.9685,
  ]

#### norm_low
  Points: 34
  Min: 0.2309, Max: 1.3483, Mean: 0.9151
  Data: [
    0.2309, 1.1712, 1.3054, 1.0609, 0.8815, 0.7696, 0.7964, 0.9470, 1.1324, 1.1808,
    1.3483, 1.0867, 1.1249, 1.0661, 0.9213, 0.9387, 0.8656, 0.8190, 0.5905, 0.6417,
    0.5808, 0.7843, 0.8462, 0.8238, 0.7996, 0.7680, 0.8777, 1.0106, 0.8266, 0.8834,
    0.9976, 0.9776, 1.0571, 1.0007,
  ]

#### norm_scale
  Points: 34
  Min: 0.5305, Max: 4.3383, Mean: 3.8918
  Data: [
    0.5305, 3.7871, 3.6357, 3.8368, 4.0425, 4.1350, 4.0860, 3.9244, 3.7487, 3.7193,
    3.5942, 3.8012, 3.7956, 3.8641, 3.9534, 3.9291, 4.0410, 4.0804, 4.3383, 4.3067,
    4.3307, 4.2100, 4.0901, 4.1055, 4.1675, 4.1766, 4.0909, 3.9805, 4.1385, 4.0649,
    3.9547, 3.9726, 3.9211, 3.9678,
  ]

#### std
  Points: 34
  Min: 0.8357, Max: 1.4684, Mean: 1.1380
  Data: [
    0.8357, 1.0542, 0.9061, 0.9154, 1.4282, 1.2820, 1.0552, 0.9542, 1.2153, 1.2912,
    1.1589, 0.9581, 1.1614, 1.2437, 1.0556, 1.2034, 1.2532, 1.2808, 1.4684, 1.3562,
    1.1413, 1.0905, 1.1005, 1.1948, 1.0544, 1.1256, 1.1729, 1.1896, 1.2140, 1.0684,
    1.0811, 1.0691, 1.0518, 1.0613,
  ]


### IMAGINATION
#### continue_mean
  Points: 34
  Min: 0.9812, Max: 0.9902, Mean: 0.9855
  Data: [
    0.9828, 0.9860, 0.9879, 0.9865, 0.9845, 0.9836, 0.9888, 0.9889, 0.9850, 0.9848,
    0.9860, 0.9876, 0.9902, 0.9865, 0.9900, 0.9866, 0.9866, 0.9870, 0.9858, 0.9814,
    0.9827, 0.9843, 0.9819, 0.9834, 0.9878, 0.9877, 0.9828, 0.9812, 0.9835, 0.9847,
    0.9866, 0.9851, 0.9861, 0.9817,
  ]

#### continue_min
  Points: 34
  Min: 0.0000, Max: 0.0000, Mean: 0.0000
  Data: [
    0.0000, 0.0000, 0.0000, 0.0000, 0.0000, 0.0000, 0.0000, 0.0000, 0.0000, 0.0000,
    0.0000, 0.0000, 0.0000, 0.0000, 0.0000, 0.0000, 0.0000, 0.0000, 0.0000, 0.0000,
    0.0000, 0.0000, 0.0000, 0.0000, 0.0000, 0.0000, 0.0000, 0.0000, 0.0000, 0.0000,
    0.0000, 0.0000, 0.0000, 0.0000,
  ]

#### reward_abs_mean
  Points: 34
  Min: 0.0567, Max: 0.1003, Mean: 0.0779
  Data: [
    0.0828, 0.0727, 0.0673, 0.0737, 0.0894, 0.0919, 0.0683, 0.0584, 0.0858, 0.0807,
    0.0766, 0.0635, 0.0589, 0.0726, 0.0567, 0.0698, 0.0731, 0.0761, 0.0747, 0.1003,
    0.0870, 0.0820, 0.0957, 0.0854, 0.0672, 0.0695, 0.0918, 0.0977, 0.0851, 0.0773,
    0.0730, 0.0789, 0.0697, 0.0942,
  ]

#### reward_max
  Points: 34
  Min: 2.5001, Max: 2.5007, Mean: 2.5002
  Data: [
    2.5003, 2.5003, 2.5002, 2.5004, 2.5004, 2.5004, 2.5003, 2.5002, 2.5002, 2.5003,
    2.5002, 2.5002, 2.5002, 2.5002, 2.5001, 2.5001, 2.5001, 2.5001, 2.5001, 2.5002,
    2.5002, 2.5001, 2.5007, 2.5002, 2.5001, 2.5002, 2.5001, 2.5001, 2.5001, 2.5002,
    2.5001, 2.5001, 2.5001, 2.5002,
  ]

#### reward_mean
  Points: 34
  Min: 0.0249, Max: 0.0702, Mean: 0.0467
  Data: [
    0.0675, 0.0472, 0.0474, 0.0496, 0.0442, 0.0509, 0.0393, 0.0376, 0.0550, 0.0403,
    0.0506, 0.0341, 0.0286, 0.0408, 0.0281, 0.0417, 0.0249, 0.0433, 0.0442, 0.0466,
    0.0553, 0.0580, 0.0635, 0.0486, 0.0451, 0.0367, 0.0577, 0.0636, 0.0573, 0.0514,
    0.0384, 0.0392, 0.0408, 0.0702,
  ]

#### reward_min
  Points: 34
  Min: -2.6307, Max: -2.4658, Mean: -2.5741
  Data: [
    -2.4658, -2.5777, -2.6307, -2.5524, -2.5810, -2.6032, -2.5864, -2.5498, -2.5668, -2.5842,
    -2.5925, -2.5876, -2.5621, -2.6114, -2.6042, -2.5675, -2.5911, -2.5725, -2.5865, -2.5960,
    -2.5758, -2.5546, -2.5747, -2.5724, -2.5396, -2.5915, -2.5684, -2.5792, -2.5604, -2.5693,
    -2.5818, -2.5818, -2.5538, -2.5483,
  ]

#### reward_nonzero_frac
  Points: 34
  Min: 0.0487, Max: 0.0958, Mean: 0.0734
  Data: [
    0.0652, 0.0619, 0.0598, 0.0765, 0.0896, 0.0948, 0.0685, 0.0522, 0.0870, 0.0738,
    0.0725, 0.0597, 0.0685, 0.0721, 0.0487, 0.0647, 0.0693, 0.0765, 0.0719, 0.0958,
    0.0772, 0.0732, 0.0821, 0.0801, 0.0655, 0.0686, 0.0850, 0.0811, 0.0852, 0.0673,
    0.0729, 0.0755, 0.0720, 0.0804,
  ]

#### reward_significant_frac
  Points: 34
  Min: 0.0193, Max: 0.0372, Mean: 0.0280
  Data: [
    0.0311, 0.0261, 0.0243, 0.0253, 0.0326, 0.0327, 0.0255, 0.0198, 0.0306, 0.0300,
    0.0280, 0.0217, 0.0202, 0.0256, 0.0193, 0.0256, 0.0261, 0.0271, 0.0267, 0.0372,
    0.0320, 0.0301, 0.0338, 0.0300, 0.0233, 0.0240, 0.0354, 0.0366, 0.0325, 0.0282,
    0.0254, 0.0269, 0.0235, 0.0345,
  ]

#### reward_std
  Points: 34
  Min: 0.2817, Max: 0.3895, Mean: 0.3378
  Data: [
    0.3612, 0.3303, 0.3155, 0.3278, 0.3620, 0.3625, 0.3169, 0.2948, 0.3464, 0.3479,
    0.3344, 0.3053, 0.2817, 0.3262, 0.2848, 0.3212, 0.3295, 0.3280, 0.3315, 0.3895,
    0.3666, 0.3498, 0.3760, 0.3563, 0.3101, 0.3153, 0.3739, 0.3853, 0.3561, 0.3414,
    0.3199, 0.3393, 0.3215, 0.3753,
  ]


### ACTIONS
#### abs_mean
  Points: 34
  Min: 0.4695, Max: 0.5438, Mean: 0.5036
  Data: [
    0.5124, 0.5192, 0.4833, 0.4916, 0.5090, 0.5232, 0.5087, 0.4941, 0.5129, 0.5050,
    0.5255, 0.4816, 0.5222, 0.5061, 0.5094, 0.4951, 0.4899, 0.5029, 0.5004, 0.4724,
    0.4843, 0.4704, 0.4879, 0.5103, 0.4695, 0.5007, 0.5307, 0.5194, 0.5438, 0.4915,
    0.5035, 0.5159, 0.5091, 0.5193,
  ]

#### dim0_mean
  Points: 34
  Min: 0.0396, Max: 0.1931, Mean: 0.1212
  Data: [
    0.1655, 0.1625, 0.0478, 0.1117, 0.0659, 0.0860, 0.0927, 0.0396, 0.0925, 0.1011,
    0.1501, 0.1198, 0.1084, 0.1271, 0.0576, 0.0842, 0.1132, 0.1263, 0.1362, 0.1827,
    0.1297, 0.1352, 0.1461, 0.1931, 0.1386, 0.0880, 0.1071, 0.0947, 0.1215, 0.1899,
    0.1029, 0.1660, 0.1492, 0.1884,
  ]

#### dim1_mean
  Points: 34
  Min: -0.1425, Max: 0.1194, Mean: -0.0211
  Data: [
    -0.0553, -0.1425, -0.0285, -0.1167, 0.0231, -0.0350, -0.0280, -0.0066, -0.0385, -0.0472,
    -0.0228, -0.0240, -0.0241, -0.0509, 0.0155, 0.0853, -0.0059, -0.0169, -0.1226, -0.0419,
    -0.0486, -0.0755, -0.0277, -0.0162, -0.0392, -0.0102, 0.0565, 0.0170, -0.0200, 0.0268,
    0.1194, -0.0367, 0.0335, -0.0144,
  ]

#### dim2_mean
  Points: 34
  Min: -0.1196, Max: 0.0041, Mean: -0.0585
  Data: [
    -0.0700, -0.0887, -0.1023, -0.0397, -0.0972, 0.0014, -0.0752, -0.0474, -0.0248, -0.0755,
    -0.0741, -0.0776, -0.0634, -0.0628, -0.0664, -0.0819, -0.0968, -0.0872, -0.0516, -0.0395,
    -0.0715, -0.0276, -0.0212, -0.0578, -0.0999, -0.0579, -0.0327, 0.0041, -0.0637, -0.0236,
    -0.0133, -0.0804, -0.0044, -0.1196,
  ]

#### dim3_mean
  Points: 34
  Min: -0.1003, Max: 0.0662, Mean: -0.0405
  Data: [
    -0.0098, -0.0427, -0.0341, -0.0478, -0.0285, -0.0141, -0.0203, -0.0497, -0.0531, -0.0115,
    -0.0437, -0.0296, 0.0662, -0.0627, -0.0539, -0.0380, -0.0249, -0.0096, -0.0264, -0.0937,
    -0.1003, -0.0900, -0.0185, -0.0035, -0.0503, -0.1000, -0.0559, 0.0090, -0.0381, -0.0354,
    -0.0724, -0.0864, -0.0451, -0.0614,
  ]

#### max
  Points: 34
  Min: 0.9997, Max: 1.0000, Mean: 0.9999
  Data: [
    0.9999, 0.9999, 1.0000, 1.0000, 1.0000, 0.9999, 0.9999, 1.0000, 0.9999, 1.0000,
    1.0000, 0.9998, 1.0000, 0.9999, 0.9999, 1.0000, 0.9999, 0.9999, 0.9999, 0.9999,
    1.0000, 0.9999, 1.0000, 1.0000, 0.9997, 0.9999, 1.0000, 1.0000, 1.0000, 0.9999,
    0.9999, 0.9999, 1.0000, 0.9999,
  ]

#### mean
  Points: 34
  Min: -0.0293, Max: 0.0394, Mean: 0.0003
  Data: [
    0.0076, -0.0278, -0.0293, -0.0231, -0.0092, 0.0096, -0.0077, -0.0160, -0.0060, -0.0083,
    0.0024, -0.0028, 0.0218, -0.0123, -0.0118, 0.0124, -0.0036, 0.0031, -0.0161, 0.0019,
    -0.0227, -0.0145, 0.0197, 0.0289, -0.0127, -0.0200, 0.0188, 0.0312, -0.0001, 0.0394,
    0.0342, -0.0094, 0.0333, -0.0018,
  ]

#### min
  Points: 34
  Min: -1.0000, Max: -0.9997, Mean: -0.9999
  Data: [
    -0.9998, -1.0000, -1.0000, -1.0000, -0.9998, -1.0000, -0.9999, -1.0000, -1.0000, -0.9998,
    -0.9999, -0.9999, -1.0000, -1.0000, -0.9999, -0.9999, -0.9999, -1.0000, -0.9998, -1.0000,
    -0.9999, -0.9997, -1.0000, -1.0000, -0.9999, -1.0000, -0.9999, -0.9999, -1.0000, -1.0000,
    -0.9999, -0.9999, -1.0000, -0.9999,
  ]

#### std
  Points: 34
  Min: 0.5483, Max: 0.6239, Mean: 0.5834
  Data: [
    0.5938, 0.5984, 0.5624, 0.5702, 0.5893, 0.6041, 0.5885, 0.5757, 0.5935, 0.5852,
    0.6053, 0.5623, 0.6013, 0.5877, 0.5909, 0.5743, 0.5722, 0.5837, 0.5776, 0.5546,
    0.5626, 0.5502, 0.5672, 0.5867, 0.5483, 0.5843, 0.6120, 0.6008, 0.6239, 0.5697,
    0.5816, 0.5928, 0.5873, 0.5971,
  ]


### GRADIENTS
#### actor_norm
  Points: 34
  Min: 0.0650, Max: 0.3493, Mean: 0.0957
  Data: [
    0.3493, 0.0650, 0.0706, 0.0770, 0.0842, 0.1051, 0.1088, 0.0721, 0.0911, 0.0861,
    0.1388, 0.0978, 0.0748, 0.1038, 0.0966, 0.0660, 0.0987, 0.0838, 0.0814, 0.0969,
    0.0790, 0.0745, 0.0813, 0.0921, 0.0753, 0.0742, 0.0925, 0.0794, 0.0957, 0.1105,
    0.0917, 0.0737, 0.0787, 0.1059,
  ]

#### critic_norm
  Points: 34
  Min: 0.2351, Max: 0.4661, Mean: 0.3114
  Data: [
    0.2429, 0.2539, 0.3504, 0.3064, 0.3071, 0.3634, 0.2837, 0.3533, 0.2589, 0.3403,
    0.2585, 0.4142, 0.2600, 0.2882, 0.3629, 0.3322, 0.2427, 0.3479, 0.3281, 0.2351,
    0.2389, 0.4661, 0.2485, 0.3365, 0.3054, 0.2901, 0.2379, 0.3769, 0.2945, 0.3422,
    0.3119, 0.3529, 0.3300, 0.3266,
  ]

#### world_model_norm
  Points: 34
  Min: 4.7320, Max: 107.6069, Mean: 17.0976
  Data: [
    13.5132, 4.7320, 7.8910, 18.2343, 6.5848, 9.8286, 25.0561, 9.5339, 6.1142, 20.1887,
    25.5402, 14.5118, 8.5412, 8.0543, 31.7101, 36.8139, 14.6257, 5.7371, 18.4786, 16.4411,
    12.2676, 11.0603, 11.5071, 8.2196, 7.8654, 7.4663, 14.4325, 6.5992, 13.6115, 38.8885,
    107.6069, 12.4319, 16.1496, 11.0830,
  ]


### DIAGNOSTICS
#### advantage_contribution
  Points: 34
  Min: 0.0605, Max: 0.3096, Mean: 0.0930
  Data: [
    0.3096, 0.0685, 0.0895, 0.0605, 0.0863, 0.0912, 0.0886, 0.0922, 0.0856, 0.0974,
    0.1081, 0.0893, 0.0864, 0.0953, 0.0916, 0.0980, 0.0989, 0.0823, 0.0989, 0.0863,
    0.0840, 0.0859, 0.0748, 0.0885, 0.0774, 0.0754, 0.0847, 0.0853, 0.0812, 0.0863,
    0.0822, 0.0864, 0.0758, 0.0900,
  ]

#### entropy_advantage_ratio
  Points: 34
  Min: 0.0037, Max: 0.0186, Mean: 0.0120
  Data: [
    0.0037, 0.0157, 0.0114, 0.0186, 0.0125, 0.0116, 0.0122, 0.0108, 0.0116, 0.0109,
    0.0091, 0.0116, 0.0134, 0.0116, 0.0109, 0.0109, 0.0097, 0.0122, 0.0098, 0.0117,
    0.0124, 0.0120, 0.0127, 0.0110, 0.0137, 0.0147, 0.0128, 0.0121, 0.0142, 0.0120,
    0.0125, 0.0119, 0.0144, 0.0111,
  ]

#### entropy_contribution
  Points: 34
  Min: 0.0009, Max: 0.0012, Mean: 0.0010
  Data: [
    0.0011, 0.0011, 0.0010, 0.0011, 0.0011, 0.0011, 0.0011, 0.0010, 0.0010, 0.0011,
    0.0010, 0.0010, 0.0012, 0.0011, 0.0010, 0.0011, 0.0010, 0.0010, 0.0010, 0.0010,
    0.0010, 0.0010, 0.0009, 0.0010, 0.0011, 0.0011, 0.0011, 0.0010, 0.0012, 0.0010,
    0.0010, 0.0010, 0.0011, 0.0010,
  ]

#### return_range_S
  Points: 34
  Min: 0.5305, Max: 4.3383, Mean: 3.8918
  Data: [
    0.5305, 3.7871, 3.6357, 3.8368, 4.0425, 4.1350, 4.0860, 3.9244, 3.7487, 3.7193,
    3.5942, 3.8012, 3.7956, 3.8641, 3.9534, 3.9291, 4.0410, 4.0804, 4.3383, 4.3067,
    4.3307, 4.2100, 4.0901, 4.1055, 4.1675, 4.1766, 4.0909, 3.9805, 4.1385, 4.0649,
    3.9547, 3.9726, 3.9211, 3.9678,
  ]

#### return_range_at_floor
  Points: 34
  Min: 0.0000, Max: 1.0000, Mean: 0.0294
  Data: [
    1.0000, 0.0000, 0.0000, 0.0000, 0.0000, 0.0000, 0.0000, 0.0000, 0.0000, 0.0000,
    0.0000, 0.0000, 0.0000, 0.0000, 0.0000, 0.0000, 0.0000, 0.0000, 0.0000, 0.0000,
    0.0000, 0.0000, 0.0000, 0.0000, 0.0000, 0.0000, 0.0000, 0.0000, 0.0000, 0.0000,
    0.0000, 0.0000, 0.0000, 0.0000,
  ]


### SPARSE_SIGNAL
#### advantage_nonzero_frac
  Points: 34
  Min: 0.6598, Max: 0.9269, Mean: 0.7322
  Data: [
    0.9269, 0.6811, 0.7753, 0.7059, 0.7155, 0.7177, 0.7311, 0.7843, 0.7861, 0.7239,
    0.7478, 0.7483, 0.7408, 0.7532, 0.7434, 0.7598, 0.7407, 0.7449, 0.7087, 0.7123,
    0.7041, 0.7210, 0.7275, 0.7141, 0.6995, 0.6598, 0.6846, 0.7518, 0.6948, 0.7220,
    0.7360, 0.7110, 0.6909, 0.7285,
  ]

#### advantage_significant_frac
  Points: 34
  Min: 0.1033, Max: 0.4863, Mean: 0.1859
  Data: [
    0.4863, 0.1346, 0.1644, 0.1033, 0.1475, 0.1685, 0.1753, 0.2058, 0.1697, 0.2125,
    0.2143, 0.1874, 0.1721, 0.1995, 0.1942, 0.2091, 0.2013, 0.1922, 0.2217, 0.1705,
    0.1754, 0.1745, 0.1709, 0.1863, 0.1550, 0.1568, 0.1631, 0.1848, 0.1531, 0.1700,
    0.1871, 0.1787, 0.1537, 0.1824,
  ]

#### event_rate_in_batch
  Points: 34
  Min: 0.0161, Max: 0.0373, Mean: 0.0266
  Data: [
    0.0323, 0.0222, 0.0222, 0.0363, 0.0292, 0.0292, 0.0262, 0.0212, 0.0242, 0.0323,
    0.0192, 0.0232, 0.0222, 0.0262, 0.0192, 0.0212, 0.0212, 0.0323, 0.0232, 0.0373,
    0.0343, 0.0343, 0.0282, 0.0242, 0.0222, 0.0232, 0.0333, 0.0312, 0.0292, 0.0242,
    0.0202, 0.0262, 0.0161, 0.0363,
  ]

#### lambda_return_abs_mean
  Points: 34
  Min: 2.4292, Max: 3.3324, Mean: 2.6995
  Data: [
    3.3324, 2.8110, 2.8385, 2.6309, 2.7842, 2.8022, 2.5631, 2.4292, 2.6109, 2.7478,
    2.9120, 2.4710, 2.5377, 2.6776, 2.4525, 2.4357, 2.6879, 2.5425, 2.6965, 2.7714,
    2.4990, 2.6873, 2.7488, 2.6983, 2.5832, 2.6357, 2.9382, 2.8354, 2.7389, 3.0268,
    2.6439, 2.6593, 2.5493, 2.8041,
  ]

#### lambda_return_nonzero_frac
  Points: 34
  Min: 0.9927, Max: 1.0000, Mean: 0.9982
  Data: [
    1.0000, 0.9996, 0.9999, 0.9998, 0.9987, 0.9994, 0.9989, 0.9983, 0.9987, 0.9981,
    0.9978, 0.9983, 0.9978, 0.9973, 0.9973, 0.9986, 0.9985, 0.9976, 0.9969, 0.9991,
    0.9927, 0.9965, 0.9970, 0.9990, 0.9982, 0.9983, 0.9997, 0.9995, 0.9971, 0.9993,
    0.9988, 0.9963, 0.9990, 0.9974,
  ]

#### lambda_return_significant_frac
  Points: 34
  Min: 0.8607, Max: 0.9986, Mean: 0.9561
  Data: [
    0.9986, 0.9322, 0.9893, 0.9913, 0.9406, 0.9523, 0.9608, 0.9633, 0.9729, 0.9749,
    0.9870, 0.9615, 0.9613, 0.9539, 0.9597, 0.9105, 0.9537, 0.9282, 0.8607, 0.9657,
    0.9132, 0.9654, 0.9711, 0.9518, 0.9450, 0.9659, 0.9803, 0.9381, 0.9078, 0.9806,
    0.9655, 0.9585, 0.9679, 0.9787,
  ]

#### nonsparse_pred_error
  Points: 34
  Min: 0.0044, Max: 0.0156, Mean: 0.0088
  Data: [
    0.0044, 0.0057, 0.0045, 0.0076, 0.0056, 0.0134, 0.0136, 0.0080, 0.0059, 0.0071,
    0.0066, 0.0049, 0.0097, 0.0064, 0.0080, 0.0125, 0.0156, 0.0091, 0.0076, 0.0107,
    0.0091, 0.0085, 0.0122, 0.0078, 0.0066, 0.0079, 0.0136, 0.0092, 0.0119, 0.0125,
    0.0117, 0.0066, 0.0092, 0.0060,
  ]

#### num_sparse_events
  Points: 34
  Min: 16.0000, Max: 37.0000, Mean: 26.3529
  Data: [
    32.0000, 22.0000, 22.0000, 36.0000, 29.0000, 29.0000, 26.0000, 21.0000, 24.0000, 32.0000,
    19.0000, 23.0000, 22.0000, 26.0000, 19.0000, 21.0000, 21.0000, 32.0000, 23.0000, 37.0000,
    34.0000, 34.0000, 28.0000, 24.0000, 22.0000, 23.0000, 33.0000, 31.0000, 29.0000, 24.0000,
    20.0000, 26.0000, 16.0000, 36.0000,
  ]

#### reward_max
  Points: 34
  Min: 2.5000, Max: 2.5000, Mean: 2.5000
  Data: [
    2.5000, 2.5000, 2.5000, 2.5000, 2.5000, 2.5000, 2.5000, 2.5000, 2.5000, 2.5000,
    2.5000, 2.5000, 2.5000, 2.5000, 2.5000, 2.5000, 2.5000, 2.5000, 2.5000, 2.5000,
    2.5000, 2.5000, 2.5000, 2.5000, 2.5000, 2.5000, 2.5000, 2.5000, 2.5000, 2.5000,
    2.5000, 2.5000, 2.5000, 2.5000,
  ]

#### reward_min
  Points: 34
  Min: -2.6116, Max: -0.0959, Mean: -1.7852
  Data: [
    -0.0959, -0.1544, -0.1524, -0.1283, -2.5731, -2.5425, -0.1808, -0.1433, -0.1399, -2.5763,
    -2.5611, -2.5969, -0.1749, -2.6071, -2.6066, -2.5649, -2.5580, -2.5616, -2.5559, -2.5898,
    -2.5764, -2.5714, -2.5758, -2.5509, -0.1643, -2.5182, -2.5722, -2.5564, -2.5895, -0.1114,
    -2.6116, -2.5673, -2.5614, -0.1062,
  ]

#### reward_range
  Points: 34
  Min: 2.5959, Max: 5.1116, Mean: 4.2852
  Data: [
    2.5959, 2.6544, 2.6524, 2.6283, 5.0731, 5.0425, 2.6808, 2.6433, 2.6399, 5.0763,
    5.0611, 5.0969, 2.6749, 5.1071, 5.1066, 5.0649, 5.0580, 5.0616, 5.0559, 5.0898,
    5.0764, 5.0714, 5.0758, 5.0509, 2.6643, 5.0182, 5.0722, 5.0564, 5.0895, 2.6114,
    5.1116, 5.0673, 5.0614, 2.6062,
  ]

#### reward_variance
  Points: 34
  Min: 0.0687, Max: 0.1607, Mean: 0.1118
  Data: [
    0.1299, 0.0908, 0.0913, 0.1459, 0.1253, 0.1230, 0.1068, 0.0886, 0.0994, 0.1391,
    0.0825, 0.0998, 0.0959, 0.1097, 0.0833, 0.0922, 0.0912, 0.1334, 0.1044, 0.1607,
    0.1438, 0.1402, 0.1172, 0.1008, 0.0958, 0.0989, 0.1388, 0.1311, 0.1260, 0.0985,
    0.0863, 0.1151, 0.0687, 0.1457,
  ]

#### sparse_actual_mean
  Points: 34
  Min: 0.9305, Max: 1.9318, Mean: 1.5404
  Data: [
    1.8750, 1.8750, 1.8750, 1.8750, 1.1049, 1.6346, 1.8750, 1.9048, 1.8750, 1.4374,
    1.2395, 1.3457, 1.9318, 1.5768, 1.4997, 1.1763, 1.3022, 1.4001, 1.2931, 0.9305,
    1.2008, 1.6496, 1.6007, 1.5575, 1.9318, 1.5733, 1.6617, 1.6490, 0.9317, 1.8750,
    1.1051, 1.3362, 1.3972, 1.8750,
  ]

#### sparse_pred_error
  Points: 34
  Min: 0.0011, Max: 0.2174, Mean: 0.0291
  Data: [
    0.0470, 0.0011, 0.0067, 0.0216, 0.0156, 0.0176, 0.0553, 0.0200, 0.0064, 0.0630,
    0.0345, 0.0096, 0.0217, 0.0046, 0.0751, 0.0484, 0.0173, 0.0122, 0.0098, 0.0195,
    0.0114, 0.0380, 0.0474, 0.0094, 0.0021, 0.0082, 0.0158, 0.0106, 0.0294, 0.0547,
    0.2174, 0.0183, 0.0067, 0.0126,
  ]

#### sparse_pred_mean
  Points: 34
  Min: 0.8985, Max: 1.9314, Mean: 1.5296
  Data: [
    1.8379, 1.8751, 1.8683, 1.8931, 1.1176, 1.6175, 1.8200, 1.9179, 1.8762, 1.3757,
    1.2720, 1.3437, 1.9127, 1.5799, 1.4257, 1.1288, 1.3103, 1.4011, 1.2912, 0.9234,
    1.1919, 1.6714, 1.6392, 1.5558, 1.9314, 1.5673, 1.6471, 1.6427, 0.9576, 1.9276,
    0.8985, 1.3234, 1.4010, 1.8624,
  ]

#### sparse_sign_accuracy
  Points: 34
  Min: 1.0000, Max: 1.0000, Mean: 1.0000
  Data: [
    1.0000, 1.0000, 1.0000, 1.0000, 1.0000, 1.0000, 1.0000, 1.0000, 1.0000, 1.0000,
    1.0000, 1.0000, 1.0000, 1.0000, 1.0000, 1.0000, 1.0000, 1.0000, 1.0000, 1.0000,
    1.0000, 1.0000, 1.0000, 1.0000, 1.0000, 1.0000, 1.0000, 1.0000, 1.0000, 1.0000,
    1.0000, 1.0000, 1.0000, 1.0000,
  ]

#### sparse_vs_nonsparse_error_ratio
  Points: 34
  Min: 0.1932, Max: 18.5247, Mean: 3.2396
  Data: [
    10.5786, 0.1932, 1.4987, 2.8276, 2.8059, 1.3135, 4.0519, 2.5166, 1.0944, 8.8748,
    5.2258, 1.9438, 2.2390, 0.7197, 9.3375, 3.8871, 1.1074, 1.3423, 1.2863, 1.8279,
    1.2594, 4.4891, 3.8828, 1.1992, 0.3185, 1.0371, 1.1652, 1.1426, 2.4711, 4.3625,
    18.5247, 2.7753, 0.7316, 2.1137,
  ]

#### sparse_weight_applied
  Points: 34
  Min: 25.8108, Max: 61.0000, Mean: 38.3923
  Data: [
    30.0000, 44.0909, 44.0909, 26.5556, 33.2069, 33.2069, 37.1538, 46.2381, 40.3333, 30.0000,
    51.2105, 42.1304, 44.0909, 37.1538, 51.2105, 46.2381, 46.2381, 30.0000, 42.1304, 25.8108,
    28.1765, 28.1765, 34.4286, 40.3333, 44.0909, 42.1304, 29.0606, 31.0000, 33.2069, 40.3333,
    48.6000, 37.1538, 61.0000, 26.5556,
  ]

#### unweighted_reward_loss
  Points: 34
  Min: 0.1655, Max: 0.2668, Mean: 0.2199
  Data: [
    0.1778, 0.1655, 0.1949, 0.2478, 0.1927, 0.2534, 0.2038, 0.2048, 0.2161, 0.2306,
    0.1717, 0.1880, 0.2295, 0.2115, 0.1739, 0.2274, 0.2603, 0.2468, 0.2143, 0.2503,
    0.2474, 0.2467, 0.2668, 0.2181, 0.1953, 0.2145, 0.2429, 0.2317, 0.2344, 0.2178,
    0.2486, 0.2206, 0.2053, 0.2239,
  ]

#### value_lambda_gap_abs_mean
  Points: 34
  Min: 0.1244, Max: 0.3254, Mean: 0.2545
  Data: [
    0.1244, 0.2001, 0.2376, 0.1708, 0.2510, 0.2726, 0.2676, 0.2754, 0.2373, 0.2830,
    0.2949, 0.2575, 0.2421, 0.2691, 0.2774, 0.2750, 0.3053, 0.2585, 0.3254, 0.2818,
    0.2717, 0.2687, 0.2374, 0.2741, 0.2409, 0.2442, 0.2642, 0.2612, 0.2394, 0.2500,
    0.2462, 0.2602, 0.2192, 0.2698,
  ]

#### value_lambda_gap_mean
  Points: 34
  Min: -0.0256, Max: 0.0590, Mean: 0.0235
  Data: [
    -0.0111, 0.0210, 0.0413, 0.0270, -0.0256, 0.0106, 0.0299, 0.0433, 0.0479, 0.0190,
    0.0545, 0.0257, 0.0036, 0.0255, 0.0480, 0.0387, -0.0152, 0.0215, 0.0270, 0.0146,
    0.0203, 0.0461, 0.0155, 0.0321, 0.0440, 0.0010, -0.0009, 0.0590, 0.0188, 0.0157,
    0.0428, -0.0184, 0.0393, 0.0358,
  ]

#### weighted_reward_loss
  Points: 34
  Min: 0.2329, Max: 0.4918, Mean: 0.2839
  Data: [
    0.2611, 0.2329, 0.2498, 0.2863, 0.2663, 0.2841, 0.2890, 0.2608, 0.2612, 0.3426,
    0.2616, 0.2558, 0.2674, 0.2672, 0.2933, 0.3032, 0.2902, 0.2832, 0.2637, 0.2948,
    0.2897, 0.2991, 0.3199, 0.2675, 0.2433, 0.2594, 0.2806, 0.2720, 0.2962, 0.3164,
    0.4918, 0.2720, 0.2654, 0.2663,
  ]

