================================================================================
W&B RUN DATA: _weak_seed42_20260223_040357
================================================================================

## RUN METADATA
Run ID: refmlfgp
Created: 2026-02-23T03:03:59Z
State: running
Duration: 73096.836011211 seconds

## CONFIGURATION
  [Environment]
    opponent: weak
  [Training]
    batch_size: 32
    batch_length: 32
    imagination_horizon: 15
    discount: 0.997
  [Entropy]
    entropy_scale: 0.0003
  [Self-Play]
    self_play_start: 1
    self_play_pool_size: 30
    self_play_save_interval: 250
    self_play_weak_ratio: 0.65
    use_pfsp: True
    pfsp_mode: variance
  [Architecture]
    recurrent_size: 256
    latent_length: 16
    latent_classes: 16
  [Meta]
    seed: 42
    algorithm: DreamerV3

## FINAL SUMMARY
  runtime: 20.30 hours (73097 seconds)

## NOTE: Data reduced (fraction=0.1, max_points=200)

## METRICS DATA

### STATS
#### buffer_size
  Points: 35
  Min: 2890.0000, Max: 250000.0000, Mean: 209924.5429
  Data: [
    2890.0000, 28462.0000, 49508.0000, 67642.0000, 99587.0000, 120669.0000, 142684.0000, 174856.0000, 193967.0000, 221209.0000,
    245885.0000, 250000.0000, 250000.0000, 250000.0000, 250000.0000, 250000.0000, 250000.0000, 250000.0000, 250000.0000, 250000.0000,
    250000.0000, 250000.0000, 250000.0000, 250000.0000, 250000.0000, 250000.0000, 250000.0000, 250000.0000, 250000.0000, 250000.0000,
    250000.0000, 250000.0000, 250000.0000, 250000.0000, 250000.0000,
  ]

#### draws
  Points: 35
  Min: 0.0000, Max: 569.0000, Mean: 303.3429
  Data: [
    0.0000, 19.0000, 32.0000, 42.0000, 68.0000, 84.0000, 104.0000, 117.0000, 139.0000, 161.0000,
    176.0000, 195.0000, 210.0000, 231.0000, 247.0000, 275.0000, 290.0000, 305.0000, 328.0000, 350.0000,
    372.0000, 389.0000, 407.0000, 429.0000, 442.0000, 461.0000, 475.0000, 490.0000, 505.0000, 519.0000,
    534.0000, 542.0000, 549.0000, 561.0000, 569.0000,
  ]

#### env_steps
  Points: 35
  Min: 943943.0000, Max: 1792589.0000, Mean: 1373832.9714
  Data: [
    943943.0000, 969515.0000, 990561.0000, 1008695.0000, 1040640.0000, 1061722.0000, 1083737.0000, 1115909.0000, 1135020.0000, 1162262.0000,
    1186938.0000, 1211942.0000, 1238221.0000, 1265705.0000, 1289442.0000, 1323854.0000, 1353558.0000, 1378974.0000, 1404844.0000, 1432936.0000,
    1465658.0000, 1490515.0000, 1516547.0000, 1541412.0000, 1558847.0000, 1589800.0000, 1611633.0000, 1632585.0000, 1658302.0000, 1684972.0000,
    1704286.0000, 1723561.0000, 1743733.0000, 1771296.0000, 1792589.0000,
  ]

#### episodes
  Points: 35
  Min: 11526.0000, Max: 22746.0000, Mean: 17159.1429
  Data: [
    11526.0000, 11846.0000, 12136.0000, 12386.0000, 12816.0000, 13096.0000, 13376.0000, 13816.0000, 14056.0000, 14416.0000,
    14746.0000, 15076.0000, 15436.0000, 15766.0000, 16096.0000, 16546.0000, 16936.0000, 17256.0000, 17566.0000, 17936.0000,
    18356.0000, 18656.0000, 18996.0000, 19286.0000, 19516.0000, 19896.0000, 20196.0000, 20476.0000, 20836.0000, 21196.0000,
    21446.0000, 21716.0000, 22006.0000, 22416.0000, 22746.0000,
  ]

#### gradient_steps
  Points: 35
  Min: 357616.0000, Max: 537136.0000, Mean: 447746.2857
  Data: [
    357616.0000, 362736.0000, 367376.0000, 371376.0000, 378256.0000, 382736.0000, 387216.0000, 394256.0000, 398096.0000, 403856.0000,
    409136.0000, 414416.0000, 420176.0000, 425456.0000, 430736.0000, 437936.0000, 444176.0000, 449296.0000, 454256.0000, 460176.0000,
    466896.0000, 471696.0000, 477136.0000, 481776.0000, 485456.0000, 491536.0000, 496336.0000, 500816.0000, 506576.0000, 512336.0000,
    516336.0000, 520656.0000, 525296.0000, 531856.0000, 537136.0000,
  ]

#### losses
  Points: 35
  Min: 0.0000, Max: 1112.0000, Mean: 581.6571
  Data: [
    0.0000, 36.0000, 76.0000, 99.0000, 134.0000, 168.0000, 193.0000, 256.0000, 271.0000, 312.0000,
    351.0000, 384.0000, 419.0000, 452.0000, 485.0000, 533.0000, 574.0000, 603.0000, 627.0000, 668.0000,
    717.0000, 746.0000, 779.0000, 810.0000, 829.0000, 865.0000, 892.0000, 916.0000, 942.0000, 971.0000,
    994.0000, 1018.0000, 1043.0000, 1083.0000, 1112.0000,
  ]

#### mean_reward
  Points: 35
  Min: 3.9728, Max: 9.8882, Mean: 6.5419
  Data: [
    9.8882, 5.9477, 6.6364, 6.5320, 7.0181, 4.7682, 6.5496, 3.9728, 6.8020, 5.8668,
    6.3601, 5.6837, 6.4744, 6.7164, 5.9165, 6.5461, 6.9741, 6.0244, 6.5794, 6.7088,
    6.1808, 6.2588, 6.0705, 5.4692, 6.5640, 7.0633, 7.9967, 7.0546, 6.3772, 6.8989,
    6.0774, 7.1375, 7.7756, 6.6380, 7.4390,
  ]

#### opponent_recent_selfplay_frac
  Points: 35
  Min: 0.0000, Max: 0.4350, Mean: 0.3469
  Data: [
    0.0000, 0.3350, 0.3900, 0.3950, 0.2850, 0.4300, 0.3150, 0.4350, 0.3800, 0.3300,
    0.3800, 0.3600, 0.4000, 0.3700, 0.3100, 0.3300, 0.3350, 0.3350, 0.3100, 0.4000,
    0.3750, 0.3900, 0.3950, 0.3800, 0.3400, 0.3700, 0.3150, 0.3050, 0.3800, 0.3150,
    0.3750, 0.3350, 0.3050, 0.3600, 0.3750,
  ]

#### opponent_recent_strong_frac
  Points: 35
  Min: 0.0000, Max: 0.3550, Mean: 0.3114
  Data: [
    0.0000, 0.3300, 0.3050, 0.3000, 0.3550, 0.2850, 0.3450, 0.2800, 0.3050, 0.3350,
    0.3100, 0.3200, 0.3000, 0.3150, 0.3500, 0.3350, 0.3300, 0.3300, 0.3450, 0.3000,
    0.3100, 0.3050, 0.3000, 0.3050, 0.3300, 0.3150, 0.3400, 0.3450, 0.3100, 0.3450,
    0.3100, 0.3300, 0.3500, 0.3200, 0.3100,
  ]

#### opponent_recent_weak_frac
  Points: 35
  Min: 0.2850, Max: 1.0000, Mean: 0.3417
  Data: [
    1.0000, 0.3350, 0.3050, 0.3050, 0.3600, 0.2850, 0.3400, 0.2850, 0.3150, 0.3350,
    0.3100, 0.3200, 0.3000, 0.3150, 0.3400, 0.3350, 0.3350, 0.3350, 0.3450, 0.3000,
    0.3150, 0.3050, 0.3050, 0.3150, 0.3300, 0.3150, 0.3450, 0.3500, 0.3100, 0.3400,
    0.3150, 0.3350, 0.3450, 0.3200, 0.3150,
  ]

#### opponent_recent_window
  Points: 35
  Min: 1.0000, Max: 200.0000, Mean: 194.3143
  Data: [
    1.0000, 200.0000, 200.0000, 200.0000, 200.0000, 200.0000, 200.0000, 200.0000, 200.0000, 200.0000,
    200.0000, 200.0000, 200.0000, 200.0000, 200.0000, 200.0000, 200.0000, 200.0000, 200.0000, 200.0000,
    200.0000, 200.0000, 200.0000, 200.0000, 200.0000, 200.0000, 200.0000, 200.0000, 200.0000, 200.0000,
    200.0000, 200.0000, 200.0000, 200.0000, 200.0000,
  ]

#### opponent_selfplay_count
  Points: 35
  Min: 0.0000, Max: 4001.0000, Mean: 2009.7714
  Data: [
    0.0000, 112.0000, 219.0000, 313.0000, 444.0000, 555.0000, 642.0000, 819.0000, 908.0000, 1030.0000,
    1152.0000, 1267.0000, 1393.0000, 1509.0000, 1618.0000, 1788.0000, 1925.0000, 2037.0000, 2141.0000, 2274.0000,
    2431.0000, 2546.0000, 2675.0000, 2786.0000, 2861.0000, 3001.0000, 3107.0000, 3198.0000, 3330.0000, 3459.0000,
    3546.0000, 3640.0000, 3737.0000, 3878.0000, 4001.0000,
  ]

#### opponent_strong_count
  Points: 35
  Min: 0.0000, Max: 3610.0000, Mean: 1812.1714
  Data: [
    0.0000, 104.0000, 196.0000, 274.0000, 423.0000, 508.0000, 605.0000, 736.0000, 811.0000, 931.0000,
    1035.0000, 1142.0000, 1259.0000, 1366.0000, 1477.0000, 1617.0000, 1743.0000, 1847.0000, 1950.0000, 2069.0000,
    2200.0000, 2292.0000, 2398.0000, 2487.0000, 2565.0000, 2685.0000, 2782.0000, 2876.0000, 2991.0000, 3106.0000,
    3187.0000, 3275.0000, 3372.0000, 3507.0000, 3610.0000,
  ]

#### opponent_weak_count
  Points: 35
  Min: 1.0000, Max: 3610.0000, Mean: 1812.2000
  Data: [
    1.0000, 105.0000, 196.0000, 274.0000, 424.0000, 508.0000, 604.0000, 736.0000, 812.0000, 930.0000,
    1034.0000, 1142.0000, 1259.0000, 1366.0000, 1476.0000, 1616.0000, 1743.0000, 1847.0000, 1950.0000, 2068.0000,
    2200.0000, 2293.0000, 2398.0000, 2488.0000, 2565.0000, 2685.0000, 2782.0000, 2877.0000, 2990.0000, 3106.0000,
    3188.0000, 3276.0000, 3372.0000, 3506.0000, 3610.0000,
  ]

#### probe_loaded_count
  Points: 35
  Min: 0.0000, Max: 0.0000, Mean: 0.0000
  Data: [
    0.0000, 0.0000, 0.0000, 0.0000, 0.0000, 0.0000, 0.0000, 0.0000, 0.0000, 0.0000,
    0.0000, 0.0000, 0.0000, 0.0000, 0.0000, 0.0000, 0.0000, 0.0000, 0.0000, 0.0000,
    0.0000, 0.0000, 0.0000, 0.0000, 0.0000, 0.0000, 0.0000, 0.0000, 0.0000, 0.0000,
    0.0000, 0.0000, 0.0000, 0.0000, 0.0000,
  ]

#### probe_pending_count
  Points: 35
  Min: 4.0000, Max: 49.0000, Mean: 27.1143
  Data: [
    4.0000, 6.0000, 7.0000, 8.0000, 10.0000, 11.0000, 12.0000, 14.0000, 15.0000, 16.0000,
    17.0000, 19.0000, 20.0000, 22.0000, 23.0000, 25.0000, 26.0000, 28.0000, 29.0000, 30.0000,
    32.0000, 33.0000, 34.0000, 36.0000, 37.0000, 38.0000, 39.0000, 40.0000, 42.0000, 43.0000,
    44.0000, 45.0000, 47.0000, 48.0000, 49.0000,
  ]

#### win_rate
  Points: 35
  Min: 0.7500, Max: 1.0000, Mean: 0.8534
  Data: [
    1.0000, 0.8200, 0.8700, 0.8700, 0.8700, 0.7500, 0.8600, 0.7500, 0.8400, 0.8100,
    0.8400, 0.8000, 0.8500, 0.8600, 0.8300, 0.8400, 0.8800, 0.8300, 0.8400, 0.8700,
    0.8400, 0.8400, 0.8400, 0.8100, 0.8600, 0.8900, 0.9300, 0.8800, 0.8400, 0.8800,
    0.8100, 0.8800, 0.9200, 0.8700, 0.9000,
  ]

#### wins
  Points: 35
  Min: 1.0000, Max: 9540.0000, Mean: 4749.1429
  Data: [
    1.0000, 266.0000, 503.0000, 720.0000, 1089.0000, 1319.0000, 1554.0000, 1918.0000, 2121.0000, 2418.0000,
    2694.0000, 2972.0000, 3282.0000, 3558.0000, 3839.0000, 4213.0000, 4547.0000, 4823.0000, 5086.0000, 5393.0000,
    5742.0000, 5996.0000, 6285.0000, 6522.0000, 6720.0000, 7045.0000, 7304.0000, 7545.0000, 7864.0000, 8181.0000,
    8393.0000, 8631.0000, 8889.0000, 9247.0000, 9540.0000,
  ]


### EPISODE
#### draw_rate_100
  Points: 35
  Min: 0.0000, Max: 0.0100, Mean: 0.0009
  Data: [
    0.0000, 0.0000, 0.0000, 0.0000, 0.0000, 0.0000, 0.0000, 0.0100, 0.0000, 0.0000,
    0.0100, 0.0000, 0.0000, 0.0000, 0.0000, 0.0000, 0.0000, 0.0000, 0.0000, 0.0000,
    0.0000, 0.0000, 0.0100, 0.0000, 0.0000, 0.0000, 0.0000, 0.0000, 0.0000, 0.0000,
    0.0000, 0.0000, 0.0000, 0.0000, 0.0000,
  ]

#### length_max
  Points: 35
  Min: 50.0000, Max: 251.0000, Mean: 245.2571
  Data: [
    50.0000, 251.0000, 251.0000, 251.0000, 251.0000, 251.0000, 251.0000, 251.0000, 251.0000, 251.0000,
    251.0000, 251.0000, 251.0000, 251.0000, 251.0000, 251.0000, 251.0000, 251.0000, 251.0000, 251.0000,
    251.0000, 251.0000, 251.0000, 251.0000, 251.0000, 251.0000, 251.0000, 251.0000, 251.0000, 251.0000,
    251.0000, 251.0000, 251.0000, 251.0000, 251.0000,
  ]

#### length_mean
  Points: 35
  Min: 50.0000, Max: 88.5600, Mean: 75.5646
  Data: [
    50.0000, 80.1600, 65.4700, 74.0100, 70.3000, 80.0700, 77.2900, 81.0500, 81.2600, 77.3300,
    85.4800, 79.0400, 84.3200, 83.0700, 78.2000, 71.1700, 70.4500, 84.6900, 84.8400, 73.1500,
    79.9200, 80.5200, 83.7200, 83.6700, 73.3000, 88.5600, 64.2500, 73.4200, 67.9500, 70.1500,
    75.9000, 70.7700, 66.3400, 70.6000, 64.3400,
  ]

#### length_min
  Points: 35
  Min: 19.0000, Max: 50.0000, Mean: 23.6000
  Data: [
    50.0000, 24.0000, 25.0000, 23.0000, 23.0000, 24.0000, 24.0000, 23.0000, 23.0000, 24.0000,
    24.0000, 23.0000, 24.0000, 24.0000, 24.0000, 23.0000, 24.0000, 23.0000, 24.0000, 23.0000,
    22.0000, 24.0000, 23.0000, 23.0000, 24.0000, 23.0000, 23.0000, 20.0000, 21.0000, 21.0000,
    19.0000, 19.0000, 21.0000, 23.0000, 21.0000,
  ]

#### length_std
  Points: 35
  Min: 0.0000, Max: 72.2349, Mean: 61.2020
  Data: [
    0.0000, 68.0623, 47.2020, 58.7121, 61.0260, 70.9376, 62.2730, 62.1573, 70.0297, 68.2884,
    70.3596, 70.2854, 69.5957, 67.2310, 60.4089, 62.4918, 56.2244, 72.2349, 71.0447, 61.4883,
    65.7215, 64.8505, 66.5814, 64.6279, 59.7546, 70.3840, 49.6013, 57.8547, 59.2014, 58.4545,
    66.5947, 64.2194, 51.9491, 58.1615, 54.0622,
  ]

#### reward_mean
  Points: 35
  Min: 3.9728, Max: 9.8882, Mean: 6.5419
  Data: [
    9.8882, 5.9477, 6.6364, 6.5320, 7.0181, 4.7682, 6.5496, 3.9728, 6.8020, 5.8668,
    6.3601, 5.6837, 6.4744, 6.7164, 5.9165, 6.5461, 6.9741, 6.0244, 6.5794, 6.7088,
    6.1808, 6.2588, 6.0705, 5.4692, 6.5640, 7.0633, 7.9967, 7.0546, 6.3772, 6.8989,
    6.0774, 7.1375, 7.7756, 6.6380, 7.4390,
  ]

#### reward_std
  Points: 35
  Min: 0.0000, Max: 9.0370, Mean: 6.5235
  Data: [
    0.0000, 7.1417, 6.8586, 6.8558, 6.1436, 7.9906, 6.8571, 9.0370, 5.9174, 7.1107,
    6.8604, 7.6169, 6.7782, 6.4792, 7.3583, 6.7308, 6.3455, 7.2729, 6.2215, 6.5144,
    7.2765, 6.7520, 7.2251, 7.5983, 6.8323, 5.6562, 4.9370, 6.0651, 7.0328, 6.4912,
    6.8414, 6.0478, 5.2037, 6.5783, 5.6957,
  ]

#### win_rate_100
  Points: 35
  Min: 0.7500, Max: 1.0000, Mean: 0.8534
  Data: [
    1.0000, 0.8200, 0.8700, 0.8700, 0.8700, 0.7500, 0.8600, 0.7500, 0.8400, 0.8100,
    0.8400, 0.8000, 0.8500, 0.8600, 0.8300, 0.8400, 0.8800, 0.8300, 0.8400, 0.8700,
    0.8400, 0.8400, 0.8400, 0.8100, 0.8600, 0.8900, 0.9300, 0.8800, 0.8400, 0.8800,
    0.8100, 0.8800, 0.9200, 0.8700, 0.9000,
  ]


### TIME
#### elapsed_hours
  Points: 35
  Min: 0.0018, Max: 20.2283, Mean: 10.1584
  Data: [
    0.0018, 0.5708, 1.1030, 1.5602, 2.3346, 2.8369, 3.3411, 4.1225, 4.5560, 5.1965,
    5.7893, 6.3813, 7.0220, 7.6227, 8.2169, 9.0300, 9.7171, 10.3001, 10.8751, 11.5350,
    12.3090, 12.8499, 13.4721, 14.0143, 14.4338, 15.1308, 15.6763, 16.1786, 16.8135, 17.4564,
    17.9070, 18.3968, 18.9212, 19.6446, 20.2283,
  ]

#### episodes_per_hour
  Points: 35
  Min: 1124.4647, Max: 6525079.8236, Mean: 189338.9206
  Data: [
    6525079.8236, 20755.0607, 11002.4584, 7938.6250, 5489.5792, 4616.3520, 4003.4566, 3351.3291, 3085.1834, 2774.1877,
    2547.1280, 2362.5421, 2198.2350, 2068.2921, 1958.8924, 1832.3323, 1742.9010, 1675.3156, 1615.2429, 1554.9133,
    1491.2687, 1451.8357, 1410.0230, 1376.1688, 1352.1072, 1314.9321, 1288.3155, 1265.6217, 1239.2438, 1214.2237,
    1197.6316, 1180.4210, 1163.0325, 1141.0785, 1124.4647,
  ]

#### gradient_steps_per_second
  Points: 35
  Min: 7.3760, Max: 56236.9364, Mean: 1629.5835
  Data: [
    56236.9364, 176.5389, 92.5172, 66.1189, 45.0059, 37.4763, 32.1929, 26.5650, 24.2719, 21.5881,
    19.6310, 18.0396, 16.6214, 15.5040, 14.5613, 13.4716, 12.6974, 12.1168, 11.6028, 11.0816,
    10.5365, 10.1967, 9.8379, 9.5493, 9.3426, 9.0238, 8.7949, 8.5987, 8.3692, 8.1526,
    8.0095, 7.8615, 7.7117, 7.5205, 7.3760,
  ]

#### steps_per_second
  Points: 35
  Min: 24.6161, Max: 148439.8419, Mean: 4306.4388
  Data: [
    148439.8419, 471.8504, 249.4554, 179.5856, 123.8182, 103.9605, 90.1011, 75.1902, 69.2023, 62.1287,
    56.9511, 52.7561, 48.9818, 46.1233, 43.5905, 40.7238, 38.6933, 37.1886, 35.8832, 34.5068,
    33.0756, 32.2205, 31.2692, 30.5524, 30.0000, 29.1862, 28.5575, 28.0306, 27.3970, 26.8124,
    26.4373, 26.0244, 25.5993, 25.0464, 24.6161,
  ]


### EVAL
#### combined_win_rate
  Points: 14
  Min: 0.9000, Max: 1.0000, Mean: 0.9500
  Data: [
    0.9250, 0.9250, 0.9500, 0.9250, 0.9500, 0.9250, 0.9000, 1.0000, 0.9500, 0.9250,
    0.9750, 1.0000, 0.9750, 0.9750,
  ]

#### gif_strong
  Points: 14
  Error: float() argument must be a string or a real number, not 'dict'

#### gif_weak
  Points: 14
  Error: float() argument must be a string or a real number, not 'dict'

#### strong_draws
  Points: 14
  Min: 0.0000, Max: 1.0000, Mean: 0.4286
  Data: [
    0.0000, 0.0000, 1.0000, 1.0000, 0.0000, 1.0000, 1.0000, 0.0000, 1.0000, 1.0000,
    0.0000, 0.0000, 0.0000, 0.0000,
  ]

#### strong_losses
  Points: 14
  Min: 0.0000, Max: 2.0000, Mean: 0.7143
  Data: [
    1.0000, 0.0000, 0.0000, 1.0000, 2.0000, 1.0000, 1.0000, 0.0000, 0.0000, 2.0000,
    1.0000, 0.0000, 0.0000, 1.0000,
  ]

#### strong_mean_reward
  Points: 14
  Min: 6.2372, Max: 9.4257, Mean: 8.2683
  Data: [
    8.3703, 9.2305, 8.9095, 7.6699, 7.1642, 7.4996, 7.5417, 9.4257, 8.7022, 6.2372,
    8.1794, 9.1760, 9.3067, 8.3436,
  ]

#### strong_win_rate
  Points: 14
  Min: 0.8500, Max: 1.0000, Mean: 0.9429
  Data: [
    0.9500, 1.0000, 0.9500, 0.9000, 0.9000, 0.9000, 0.9000, 1.0000, 0.9500, 0.8500,
    0.9500, 1.0000, 1.0000, 0.9500,
  ]

#### strong_wins
  Points: 14
  Min: 17.0000, Max: 20.0000, Mean: 18.8571
  Data: [
    19.0000, 20.0000, 19.0000, 18.0000, 18.0000, 18.0000, 18.0000, 20.0000, 19.0000, 17.0000,
    19.0000, 20.0000, 20.0000, 19.0000,
  ]

#### weak_draws
  Points: 14
  Min: 0.0000, Max: 1.0000, Mean: 0.3571
  Data: [
    0.0000, 0.0000, 1.0000, 1.0000, 0.0000, 1.0000, 1.0000, 0.0000, 0.0000, 0.0000,
    0.0000, 0.0000, 1.0000, 0.0000,
  ]

#### weak_losses
  Points: 14
  Min: 0.0000, Max: 3.0000, Mean: 0.5000
  Data: [
    2.0000, 3.0000, 0.0000, 0.0000, 0.0000, 0.0000, 1.0000, 0.0000, 1.0000, 0.0000,
    0.0000, 0.0000, 0.0000, 0.0000,
  ]

#### weak_mean_reward
  Points: 14
  Min: 6.3674, Max: 9.5406, Mean: 8.7375
  Data: [
    7.4058, 6.3674, 8.8943, 9.0901, 9.4132, 8.9023, 7.9420, 9.4224, 8.3922, 9.4500,
    9.2252, 9.5320, 8.7475, 9.5406,
  ]

#### weak_win_rate
  Points: 14
  Min: 0.8500, Max: 1.0000, Mean: 0.9571
  Data: [
    0.9000, 0.8500, 0.9500, 0.9500, 1.0000, 0.9500, 0.9000, 1.0000, 0.9500, 1.0000,
    1.0000, 1.0000, 0.9500, 1.0000,
  ]

#### weak_wins
  Points: 14
  Min: 17.0000, Max: 20.0000, Mean: 19.1429
  Data: [
    18.0000, 17.0000, 19.0000, 19.0000, 20.0000, 19.0000, 18.0000, 20.0000, 19.0000, 20.0000,
    20.0000, 20.0000, 19.0000, 20.0000,
  ]


### SELFPLAY
#### active
  Points: 35
  Min: 1.0000, Max: 1.0000, Mean: 1.0000
  Data: [
    1.0000, 1.0000, 1.0000, 1.0000, 1.0000, 1.0000, 1.0000, 1.0000, 1.0000, 1.0000,
    1.0000, 1.0000, 1.0000, 1.0000, 1.0000, 1.0000, 1.0000, 1.0000, 1.0000, 1.0000,
    1.0000, 1.0000, 1.0000, 1.0000, 1.0000, 1.0000, 1.0000, 1.0000, 1.0000, 1.0000,
    1.0000, 1.0000, 1.0000, 1.0000, 1.0000,
  ]

#### anchor_ratio_actual
  Points: 35
  Min: 0.6365, Max: 1.0000, Mean: 0.6541
  Data: [
    1.0000, 0.6511, 0.6416, 0.6365, 0.6561, 0.6467, 0.6532, 0.6425, 0.6412, 0.6437,
    0.6423, 0.6432, 0.6438, 0.6442, 0.6460, 0.6439, 0.6442, 0.6446, 0.6456, 0.6453,
    0.6441, 0.6430, 0.6419, 0.6410, 0.6420, 0.6415, 0.6417, 0.6427, 0.6424, 0.6423,
    0.6426, 0.6428, 0.6435, 0.6439, 0.6434,
  ]

#### anchor_strong_count
  Points: 35
  Min: 0.0000, Max: 3610.0000, Mean: 1812.1714
  Data: [
    0.0000, 104.0000, 196.0000, 274.0000, 423.0000, 508.0000, 605.0000, 736.0000, 811.0000, 931.0000,
    1035.0000, 1142.0000, 1259.0000, 1366.0000, 1477.0000, 1617.0000, 1743.0000, 1847.0000, 1950.0000, 2069.0000,
    2200.0000, 2292.0000, 2398.0000, 2487.0000, 2565.0000, 2685.0000, 2782.0000, 2876.0000, 2991.0000, 3106.0000,
    3187.0000, 3275.0000, 3372.0000, 3507.0000, 3610.0000,
  ]

#### anchor_weak_count
  Points: 35
  Min: 1.0000, Max: 3610.0000, Mean: 1812.2000
  Data: [
    1.0000, 105.0000, 196.0000, 274.0000, 424.0000, 508.0000, 604.0000, 736.0000, 812.0000, 930.0000,
    1034.0000, 1142.0000, 1259.0000, 1366.0000, 1476.0000, 1616.0000, 1743.0000, 1847.0000, 1950.0000, 2068.0000,
    2200.0000, 2293.0000, 2398.0000, 2488.0000, 2565.0000, 2685.0000, 2782.0000, 2877.0000, 2990.0000, 3106.0000,
    3188.0000, 3276.0000, 3372.0000, 3506.0000, 3610.0000,
  ]

#### anchor_weak_ratio
  Points: 35
  Min: 0.4996, Max: 1.0000, Mean: 0.5143
  Data: [
    1.0000, 0.5024, 0.5000, 0.5000, 0.5006, 0.5000, 0.4996, 0.5000, 0.5003, 0.4997,
    0.4998, 0.5000, 0.5000, 0.5000, 0.4998, 0.4998, 0.5000, 0.5000, 0.5000, 0.4999,
    0.5000, 0.5001, 0.5000, 0.5001, 0.5000, 0.5000, 0.5000, 0.5001, 0.4999, 0.5000,
    0.5001, 0.5001, 0.5000, 0.4999, 0.5000,
  ]

#### current_opponent_episode
  Points: 35
  Min: 11525.0000, Max: 19500.0000, Mean: 14587.8571
  Data: [
    11525.0000, 11525.0000, 11750.0000, 12000.0000, 12500.0000, 13000.0000, 12500.0000, 13000.0000, 14000.0000, 13000.0000,
    11525.0000, 13000.0000, 14750.0000, 15750.0000, 16000.0000, 14500.0000, 16000.0000, 15000.0000, 16000.0000, 14500.0000,
    15750.0000, 16750.0000, 14000.0000, 12250.0000, 14500.0000, 19500.0000, 14250.0000, 14250.0000, 16000.0000, 18500.0000,
    17500.0000, 15500.0000, 16000.0000, 18000.0000, 16000.0000,
  ]

#### current_opponent_idx
  Points: 35
  Min: 0.0000, Max: 28.0000, Mean: 9.4571
  Data: [
    0.0000, 0.0000, 1.0000, 2.0000, 4.0000, 6.0000, 4.0000, 6.0000, 10.0000, 6.0000,
    0.0000, 6.0000, 13.0000, 17.0000, 18.0000, 12.0000, 18.0000, 14.0000, 18.0000, 12.0000,
    17.0000, 21.0000, 9.0000, 1.0000, 9.0000, 28.0000, 6.0000, 5.0000, 10.0000, 19.0000,
    14.0000, 5.0000, 5.0000, 12.0000, 3.0000,
  ]

#### episodes_since_activation
  Points: 35
  Min: 1.0000, Max: 11221.0000, Mean: 5634.1429
  Data: [
    1.0000, 321.0000, 611.0000, 861.0000, 1291.0000, 1571.0000, 1851.0000, 2291.0000, 2531.0000, 2891.0000,
    3221.0000, 3551.0000, 3911.0000, 4241.0000, 4571.0000, 5021.0000, 5411.0000, 5731.0000, 6041.0000, 6411.0000,
    6831.0000, 7131.0000, 7471.0000, 7761.0000, 7991.0000, 8371.0000, 8671.0000, 8951.0000, 9311.0000, 9671.0000,
    9921.0000, 10191.0000, 10481.0000, 10891.0000, 11221.0000,
  ]

#### newest_opponent_episode
  Points: 35
  Min: 11525.0000, Max: 22500.0000, Mean: 17036.4286
  Data: [
    11525.0000, 11750.0000, 12000.0000, 12250.0000, 12750.0000, 13000.0000, 13250.0000, 13750.0000, 14000.0000, 14250.0000,
    14500.0000, 15000.0000, 15250.0000, 15750.0000, 16000.0000, 16500.0000, 16750.0000, 17250.0000, 17500.0000, 17750.0000,
    18250.0000, 18500.0000, 18750.0000, 19250.0000, 19500.0000, 19750.0000, 20000.0000, 20250.0000, 20750.0000, 21000.0000,
    21250.0000, 21500.0000, 22000.0000, 22250.0000, 22500.0000,
  ]

#### oldest_opponent_episode
  Points: 35
  Min: 11525.0000, Max: 15250.0000, Mean: 12230.7143
  Data: [
    11525.0000, 11525.0000, 11525.0000, 11525.0000, 11525.0000, 11525.0000, 11525.0000, 11525.0000, 11525.0000, 11525.0000,
    11525.0000, 11525.0000, 11525.0000, 11525.0000, 11525.0000, 11525.0000, 11525.0000, 11525.0000, 11525.0000, 11525.0000,
    11525.0000, 11525.0000, 11525.0000, 12000.0000, 12250.0000, 12500.0000, 12750.0000, 13000.0000, 13500.0000, 13750.0000,
    14000.0000, 14250.0000, 14750.0000, 15000.0000, 15250.0000,
  ]

#### pfsp_avg_winrate
  Points: 35
  Min: 0.4211, Max: 0.6505, Mean: 0.5686
  Data: [
    0.4211, 0.4550, 0.5551, 0.6058, 0.6505, 0.5730, 0.6016, 0.5797, 0.5954, 0.5764,
    0.5943, 0.5647, 0.5858, 0.5907, 0.5923, 0.5892, 0.5928, 0.5953, 0.5989, 0.5715,
    0.5712, 0.5763, 0.5842, 0.5679, 0.5530, 0.5574, 0.5509, 0.5496, 0.5405, 0.5408,
    0.5503, 0.5585, 0.5619, 0.5716, 0.5767,
  ]

#### pfsp_max_winrate
  Points: 35
  Min: 0.4211, Max: 0.8800, Mean: 0.8055
  Data: [
    0.4211, 0.7100, 0.7800, 0.7700, 0.7900, 0.8200, 0.8200, 0.8500, 0.8700, 0.8700,
    0.8600, 0.8800, 0.8700, 0.8500, 0.8600, 0.8600, 0.8600, 0.8600, 0.8700, 0.8800,
    0.8800, 0.8800, 0.8800, 0.8800, 0.7700, 0.7400, 0.7500, 0.7400, 0.7400, 0.7600,
    0.7500, 0.8000, 0.7400, 0.7600, 0.7700,
  ]

#### pfsp_min_winrate
  Points: 35
  Min: 0.0000, Max: 0.4583, Mean: 0.1865
  Data: [
    0.4211, 0.2000, 0.4375, 0.4583, 0.4048, 0.2667, 0.4286, 0.3333, 0.4444, 0.2500,
    0.2857, 0.1667, 0.3333, 0.3333, 0.4167, 0.3636, 0.3333, 0.2500, 0.4000, 0.0000,
    0.0000, 0.0000, 0.0000, 0.0000, 0.0000, 0.0000, 0.0000, 0.0000, 0.0000, 0.0000,
    0.0000, 0.0000, 0.0000, 0.0000, 0.0000,
  ]

#### pfsp_num_tracked
  Points: 35
  Min: 1.0000, Max: 30.0000, Mean: 20.0857
  Data: [
    1.0000, 2.0000, 3.0000, 4.0000, 6.0000, 7.0000, 8.0000, 10.0000, 11.0000, 12.0000,
    14.0000, 15.0000, 16.0000, 17.0000, 19.0000, 21.0000, 22.0000, 23.0000, 24.0000, 26.0000,
    28.0000, 29.0000, 29.0000, 29.0000, 29.0000, 29.0000, 30.0000, 30.0000, 30.0000, 30.0000,
    30.0000, 30.0000, 29.0000, 30.0000, 30.0000,
  ]

#### pfsp_std_winrate
  Points: 35
  Min: 0.0000, Max: 0.2550, Mean: 0.1501
  Data: [
    0.0000, 0.2550, 0.1591, 0.1109, 0.1322, 0.1715, 0.1242, 0.1518, 0.1350, 0.1710,
    0.1503, 0.1670, 0.1391, 0.1274, 0.1203, 0.1352, 0.1370, 0.1479, 0.1263, 0.1755,
    0.1755, 0.1761, 0.1663, 0.1726, 0.1621, 0.1540, 0.1563, 0.1598, 0.1662, 0.1663,
    0.1559, 0.1574, 0.1503, 0.1455, 0.1529,
  ]

#### pool_size
  Points: 35
  Min: 1.0000, Max: 30.0000, Mean: 20.2857
  Data: [
    1.0000, 2.0000, 3.0000, 4.0000, 6.0000, 7.0000, 8.0000, 10.0000, 11.0000, 12.0000,
    13.0000, 15.0000, 16.0000, 18.0000, 19.0000, 21.0000, 22.0000, 24.0000, 25.0000, 26.0000,
    28.0000, 29.0000, 30.0000, 30.0000, 30.0000, 30.0000, 30.0000, 30.0000, 30.0000, 30.0000,
    30.0000, 30.0000, 30.0000, 30.0000, 30.0000,
  ]

#### selfplay_count
  Points: 35
  Min: 0.0000, Max: 4001.0000, Mean: 2009.7714
  Data: [
    0.0000, 112.0000, 219.0000, 313.0000, 444.0000, 555.0000, 642.0000, 819.0000, 908.0000, 1030.0000,
    1152.0000, 1267.0000, 1393.0000, 1509.0000, 1618.0000, 1788.0000, 1925.0000, 2037.0000, 2141.0000, 2274.0000,
    2431.0000, 2546.0000, 2675.0000, 2786.0000, 2861.0000, 3001.0000, 3107.0000, 3198.0000, 3330.0000, 3459.0000,
    3546.0000, 3640.0000, 3737.0000, 3878.0000, 4001.0000,
  ]

#### selfplay_ratio_actual
  Points: 35
  Min: 0.0000, Max: 0.3635, Mean: 0.3459
  Data: [
    0.0000, 0.3489, 0.3584, 0.3635, 0.3439, 0.3533, 0.3468, 0.3575, 0.3588, 0.3563,
    0.3577, 0.3568, 0.3562, 0.3558, 0.3540, 0.3561, 0.3558, 0.3554, 0.3544, 0.3547,
    0.3559, 0.3570, 0.3581, 0.3590, 0.3580, 0.3585, 0.3583, 0.3573, 0.3576, 0.3577,
    0.3574, 0.3572, 0.3565, 0.3561, 0.3566,
  ]

#### weak_ratio_target
  Points: 35
  Min: 0.6500, Max: 0.6500, Mean: 0.6500
  Data: [
    0.6500, 0.6500, 0.6500, 0.6500, 0.6500, 0.6500, 0.6500, 0.6500, 0.6500, 0.6500,
    0.6500, 0.6500, 0.6500, 0.6500, 0.6500, 0.6500, 0.6500, 0.6500, 0.6500, 0.6500,
    0.6500, 0.6500, 0.6500, 0.6500, 0.6500, 0.6500, 0.6500, 0.6500, 0.6500, 0.6500,
    0.6500, 0.6500, 0.6500, 0.6500, 0.6500,
  ]

#### winrate_middle_third
  Points: 35
  Min: 0.2667, Max: 0.7350, Mean: 0.6281
  Data: [
    0.2667, 0.4107, 0.5385, 0.5538, 0.5690, 0.5538, 0.6200, 0.5900, 0.5500, 0.5600,
    0.5700, 0.5750, 0.5800, 0.6250, 0.6300, 0.6350, 0.6800, 0.6650, 0.6750, 0.6650,
    0.6500, 0.6600, 0.6550, 0.6600, 0.6850, 0.6950, 0.6900, 0.6850, 0.7250, 0.7300,
    0.7350, 0.7300, 0.7250, 0.7350, 0.7100,
  ]

#### winrate_newest_third
  Points: 34
  Min: 0.4286, Max: 0.5550, Mean: 0.5161
  Data: [
    0.4286, 0.5128, 0.4658, 0.5310, 0.4965, 0.5027, 0.5100, 0.5050, 0.4900, 0.5100,
    0.5250, 0.5200, 0.5500, 0.5550, 0.5400, 0.5050, 0.5150, 0.5050, 0.4650, 0.4950,
    0.5150, 0.5150, 0.5300, 0.5300, 0.5300, 0.5200, 0.5050, 0.5300, 0.5250, 0.5450,
    0.5400, 0.5500, 0.5350, 0.5500,
  ]

#### winrate_oldest_third
  Points: 35
  Min: 0.4211, Max: 0.8450, Mean: 0.7769
  Data: [
    0.4211, 0.7030, 0.7132, 0.7554, 0.8100, 0.7900, 0.7850, 0.8100, 0.8050, 0.7950,
    0.7900, 0.8000, 0.7800, 0.7800, 0.7750, 0.7600, 0.7800, 0.7850, 0.7900, 0.7700,
    0.7650, 0.7650, 0.7600, 0.7850, 0.7850, 0.7900, 0.7800, 0.7900, 0.8000, 0.8050,
    0.8200, 0.8300, 0.8350, 0.8400, 0.8450,
  ]

#### winrate_vs_pool_overall
  Points: 35
  Min: 0.4211, Max: 0.7000, Mean: 0.6401
  Data: [
    0.4211, 0.6198, 0.6119, 0.6493, 0.6540, 0.6220, 0.6440, 0.6240, 0.6220, 0.6080,
    0.6220, 0.6080, 0.6280, 0.6420, 0.6380, 0.6500, 0.6480, 0.6460, 0.6460, 0.6260,
    0.6260, 0.6280, 0.6440, 0.6600, 0.6600, 0.6560, 0.6460, 0.6460, 0.6740, 0.6840,
    0.6900, 0.6920, 0.7000, 0.6760, 0.6920,
  ]


### WORLD
#### continue_actual_mean
  Points: 35
  Min: 0.9798, Max: 0.9929, Mean: 0.9866
  Data: [
    0.9798, 0.9859, 0.9839, 0.9819, 0.9849, 0.9879, 0.9929, 0.9859, 0.9859, 0.9899,
    0.9829, 0.9808, 0.9859, 0.9859, 0.9829, 0.9849, 0.9899, 0.9909, 0.9879, 0.9899,
    0.9879, 0.9869, 0.9869, 0.9808, 0.9899, 0.9919, 0.9889, 0.9919, 0.9879, 0.9909,
    0.9859, 0.9879, 0.9798, 0.9899, 0.9839,
  ]

#### continue_loss
  Points: 35
  Min: 0.0001, Max: 0.0071, Mean: 0.0013
  Data: [
    0.0016, 0.0003, 0.0068, 0.0004, 0.0071, 0.0019, 0.0004, 0.0001, 0.0002, 0.0008,
    0.0004, 0.0052, 0.0006, 0.0017, 0.0006, 0.0031, 0.0022, 0.0020, 0.0012, 0.0011,
    0.0002, 0.0013, 0.0002, 0.0003, 0.0005, 0.0014, 0.0003, 0.0006, 0.0007, 0.0002,
    0.0001, 0.0004, 0.0004, 0.0002, 0.0005,
  ]

#### continue_pred_mean
  Points: 35
  Min: 0.9798, Max: 0.9926, Mean: 0.9868
  Data: [
    0.9808, 0.9860, 0.9850, 0.9816, 0.9858, 0.9885, 0.9926, 0.9858, 0.9858, 0.9902,
    0.9828, 0.9822, 0.9855, 0.9865, 0.9828, 0.9853, 0.9913, 0.9913, 0.9876, 0.9892,
    0.9877, 0.9878, 0.9868, 0.9808, 0.9895, 0.9926, 0.9887, 0.9914, 0.9876, 0.9909,
    0.9858, 0.9880, 0.9798, 0.9897, 0.9836,
  ]

#### kl_loss
  Points: 35
  Min: 2.5363, Max: 3.8521, Mean: 3.4938
  Data: [
    2.5363, 3.1732, 3.3567, 3.5409, 3.4020, 3.3264, 3.4093, 3.4178, 3.4063, 3.3749,
    3.5971, 3.7644, 3.3311, 3.4348, 3.4727, 3.5622, 3.6907, 3.4837, 3.1159, 3.5112,
    3.6018, 3.6000, 3.6891, 3.6683, 3.5976, 3.8521, 3.6093, 3.5748, 3.4850, 3.6433,
    3.4665, 3.7930, 3.6898, 3.5125, 3.5927,
  ]

#### latent_entropy
  Points: 35
  Min: 1.4119, Max: 1.4819, Mean: 1.4522
  Data: [
    1.4771, 1.4229, 1.4347, 1.4154, 1.4499, 1.4606, 1.4587, 1.4464, 1.4498, 1.4684,
    1.4442, 1.4319, 1.4506, 1.4327, 1.4448, 1.4420, 1.4632, 1.4679, 1.4607, 1.4819,
    1.4576, 1.4501, 1.4544, 1.4119, 1.4533, 1.4546, 1.4585, 1.4786, 1.4550, 1.4731,
    1.4479, 1.4657, 1.4421, 1.4739, 1.4462,
  ]

#### loss
  Points: 35
  Min: 19.5469, Max: 21.0112, Mean: 20.5776
  Data: [
    19.5469, 20.2536, 20.4784, 20.6714, 20.4830, 20.3934, 20.4656, 20.5097, 20.4509, 20.4409,
    20.7188, 20.9199, 20.3680, 20.5308, 20.5849, 20.6905, 20.7518, 20.5231, 20.1436, 20.6105,
    20.6550, 20.6855, 20.7650, 20.7880, 20.6663, 21.0112, 20.7092, 20.6247, 20.5553, 20.6884,
    20.5314, 20.9069, 20.7717, 20.6019, 20.7195,
  ]

#### prior_posterior_kl
  Points: 35
  Min: 0.2042, Max: 0.2804, Mean: 0.2599
  Data: [
    0.2042, 0.2415, 0.2524, 0.2624, 0.2546, 0.2504, 0.2553, 0.2557, 0.2548, 0.2531,
    0.2658, 0.2752, 0.2502, 0.2563, 0.2585, 0.2638, 0.2711, 0.2595, 0.2384, 0.2603,
    0.2657, 0.2662, 0.2710, 0.2703, 0.2663, 0.2804, 0.2664, 0.2647, 0.2597, 0.2686,
    0.2585, 0.2769, 0.2708, 0.2613, 0.2654,
  ]

#### recon_error_max
  Points: 35
  Min: 0.3088, Max: 2.4662, Mean: 0.8081
  Data: [
    0.7923, 1.8215, 0.9833, 2.4662, 0.7080, 0.9862, 0.6658, 0.7402, 0.5997, 2.0578,
    0.5737, 0.4008, 0.5076, 0.6613, 1.1785, 0.3814, 1.6857, 0.5194, 0.3841, 0.3661,
    0.5288, 0.6870, 0.5584, 1.4470, 0.5475, 0.7651, 0.5081, 0.8668, 0.9204, 0.3412,
    0.4135, 0.7219, 0.3088, 0.6765, 0.5133,
  ]

#### recon_error_mean
  Points: 35
  Min: 0.0228, Max: 0.0347, Mean: 0.0295
  Data: [
    0.0228, 0.0296, 0.0274, 0.0332, 0.0308, 0.0287, 0.0275, 0.0303, 0.0288, 0.0301,
    0.0321, 0.0298, 0.0267, 0.0291, 0.0305, 0.0287, 0.0320, 0.0275, 0.0236, 0.0268,
    0.0300, 0.0288, 0.0305, 0.0318, 0.0308, 0.0347, 0.0308, 0.0304, 0.0284, 0.0282,
    0.0276, 0.0324, 0.0279, 0.0323, 0.0308,
  ]

#### recon_error_std
  Points: 35
  Min: 0.0322, Max: 0.0931, Mean: 0.0489
  Data: [
    0.0439, 0.0711, 0.0467, 0.0931, 0.0470, 0.0501, 0.0415, 0.0511, 0.0432, 0.0742,
    0.0478, 0.0400, 0.0444, 0.0432, 0.0611, 0.0377, 0.0724, 0.0440, 0.0322, 0.0333,
    0.0454, 0.0485, 0.0447, 0.0632, 0.0401, 0.0557, 0.0437, 0.0470, 0.0503, 0.0349,
    0.0367, 0.0486, 0.0332, 0.0489, 0.0530,
  ]

#### recon_loss
  Points: 35
  Min: 16.7465, Max: 16.8536, Mean: 16.8061
  Data: [
    16.7465, 16.8074, 16.7871, 16.8393, 16.8182, 16.7991, 16.7880, 16.8132, 16.8000, 16.8119,
    16.8299, 16.8094, 16.7814, 16.8024, 16.8153, 16.7989, 16.8288, 16.7882, 16.7531, 16.7820,
    16.8109, 16.8001, 16.8151, 16.8269, 16.8183, 16.8536, 16.8185, 16.8149, 16.7968, 16.7949,
    16.7892, 16.8327, 16.7921, 16.8313, 16.8181,
  ]

#### reward_actual_mean
  Points: 35
  Min: 0.0044, Max: 0.0951, Mean: 0.0381
  Data: [
    0.0951, 0.0295, 0.0411, 0.0514, 0.0582, 0.0225, 0.0110, 0.0316, 0.0498, 0.0316,
    0.0571, 0.0554, 0.0366, 0.0198, 0.0569, 0.0492, 0.0214, 0.0164, 0.0445, 0.0238,
    0.0411, 0.0429, 0.0358, 0.0640, 0.0247, 0.0044, 0.0196, 0.0292, 0.0276, 0.0295,
    0.0465, 0.0306, 0.0563, 0.0321, 0.0455,
  ]

#### reward_loss
  Points: 35
  Min: 0.2301, Max: 0.3410, Mean: 0.2764
  Data: [
    0.2626, 0.2727, 0.3279, 0.2908, 0.2557, 0.2659, 0.2679, 0.2786, 0.2445, 0.2533,
    0.2914, 0.3410, 0.2549, 0.2919, 0.2964, 0.3262, 0.2301, 0.2491, 0.2734, 0.3162,
    0.2421, 0.2842, 0.2605, 0.2925, 0.2498, 0.3040, 0.2812, 0.2345, 0.2728, 0.2500,
    0.2756, 0.2808, 0.2894, 0.2579, 0.3082,
  ]

#### reward_pred_error_mean
  Points: 35
  Min: 0.0051, Max: 0.0147, Mean: 0.0086
  Data: [
    0.0092, 0.0054, 0.0086, 0.0120, 0.0094, 0.0082, 0.0073, 0.0081, 0.0063, 0.0057,
    0.0100, 0.0110, 0.0096, 0.0086, 0.0092, 0.0128, 0.0066, 0.0057, 0.0081, 0.0147,
    0.0080, 0.0085, 0.0079, 0.0099, 0.0053, 0.0089, 0.0085, 0.0051, 0.0101, 0.0059,
    0.0065, 0.0104, 0.0087, 0.0079, 0.0113,
  ]

#### reward_pred_error_std
  Points: 35
  Min: 0.0139, Max: 0.0869, Mean: 0.0475
  Data: [
    0.0472, 0.0139, 0.0533, 0.0735, 0.0674, 0.0498, 0.0447, 0.0336, 0.0387, 0.0216,
    0.0836, 0.0566, 0.0830, 0.0606, 0.0437, 0.0637, 0.0431, 0.0250, 0.0504, 0.0869,
    0.0467, 0.0424, 0.0292, 0.0408, 0.0206, 0.0607, 0.0508, 0.0285, 0.0636, 0.0214,
    0.0267, 0.0618, 0.0268, 0.0458, 0.0552,
  ]

#### reward_pred_mean
  Points: 35
  Min: 0.0029, Max: 0.0940, Mean: 0.0388
  Data: [
    0.0940, 0.0295, 0.0437, 0.0561, 0.0632, 0.0240, 0.0129, 0.0319, 0.0507, 0.0319,
    0.0566, 0.0549, 0.0389, 0.0190, 0.0573, 0.0510, 0.0209, 0.0180, 0.0470, 0.0305,
    0.0422, 0.0420, 0.0337, 0.0611, 0.0254, 0.0029, 0.0218, 0.0307, 0.0299, 0.0296,
    0.0476, 0.0277, 0.0569, 0.0305, 0.0457,
  ]


### BEHAVIOR
#### actor_loss
  Points: 35
  Min: -0.0119, Max: 0.0084, Mean: -0.0001
  Data: [
    -0.0055, 0.0084, 0.0038, 0.0026, -0.0029, -0.0003, -0.0009, 0.0021, 0.0024, 0.0017,
    0.0017, 0.0051, 0.0027, -0.0004, 0.0028, 0.0027, -0.0041, -0.0047, -0.0029, -0.0026,
    -0.0033, -0.0018, -0.0026, 0.0013, 0.0001, 0.0016, 0.0054, -0.0040, -0.0035, 0.0009,
    0.0010, 0.0032, -0.0031, -0.0119, 0.0015,
  ]

#### actor_mean_abs
  Points: 35
  Min: 0.2939, Max: 0.3870, Mean: 0.3513
  Data: [
    0.3301, 0.3591, 0.3711, 0.3523, 0.3527, 0.3552, 0.3347, 0.3651, 0.3314, 0.3336,
    0.3706, 0.3528, 0.2939, 0.3365, 0.3351, 0.3325, 0.3375, 0.3419, 0.3469, 0.3501,
    0.3110, 0.3705, 0.3478, 0.3419, 0.3616, 0.3315, 0.3694, 0.3562, 0.3713, 0.3870,
    0.3809, 0.3838, 0.3434, 0.3836, 0.3707,
  ]

#### advantages_abs_mean
  Points: 35
  Min: 0.0493, Max: 0.3121, Mean: 0.0744
  Data: [
    0.3121, 0.0705, 0.0731, 0.0599, 0.0641, 0.0627, 0.0724, 0.0648, 0.0554, 0.0625,
    0.0738, 0.0692, 0.0493, 0.0633, 0.0541, 0.0519, 0.0719, 0.0562, 0.0596, 0.0703,
    0.0641, 0.0873, 0.0645, 0.0639, 0.0713, 0.0748, 0.0629, 0.0601, 0.0784, 0.0830,
    0.0697, 0.0883, 0.0609, 0.0839, 0.0733,
  ]

#### advantages_max
  Points: 35
  Min: 0.8112, Max: 12.6834, Mean: 1.6906
  Data: [
    12.6834, 1.5529, 1.1876, 1.2865, 1.2932, 1.5703, 1.1800, 0.8971, 1.0503, 0.9862,
    1.4229, 1.1384, 1.1609, 1.2523, 0.8112, 1.3381, 1.8273, 1.0928, 1.2436, 1.0814,
    1.4915, 1.5422, 1.8080, 1.8383, 1.0396, 2.1369, 1.4649, 1.2314, 1.5543, 1.5195,
    1.1466, 1.4704, 1.3304, 1.6361, 1.9043,
  ]

#### advantages_mean
  Points: 35
  Min: -0.0081, Max: 0.0125, Mean: 0.0039
  Data: [
    -0.0068, 0.0109, -0.0026, 0.0073, 0.0041, 0.0008, 0.0125, -0.0011, -0.0043, 0.0095,
    0.0111, 0.0112, 0.0046, -0.0025, 0.0020, 0.0080, 0.0082, 0.0067, 0.0119, 0.0016,
    -0.0073, 0.0048, 0.0125, 0.0064, -0.0011, 0.0035, -0.0032, 0.0003, 0.0030, 0.0102,
    -0.0002, -0.0081, 0.0082, 0.0067, 0.0093,
  ]

#### advantages_min
  Points: 35
  Min: -13.2524, Max: -0.9187, Mean: -2.0802
  Data: [
    -13.2524, -1.8780, -1.6673, -1.7049, -1.6132, -2.2734, -1.5923, -2.4461, -1.2874, -1.3523,
    -1.4649, -1.3115, -0.9187, -1.4866, -1.5237, -1.5416, -1.7002, -1.6049, -2.0252, -1.4977,
    -1.7394, -2.6639, -1.5642, -1.9719, -1.7460, -1.5238, -2.2834, -2.3718, -1.6270, -1.4285,
    -1.9980, -1.9616, -1.7338, -1.8282, -2.2224,
  ]

#### advantages_std
  Points: 35
  Min: 0.0957, Max: 0.7363, Mean: 0.1568
  Data: [
    0.7363, 0.1530, 0.1567, 0.1232, 0.1290, 0.1339, 0.1347, 0.1346, 0.1232, 0.1247,
    0.1484, 0.1377, 0.0957, 0.1423, 0.1101, 0.1078, 0.1484, 0.1078, 0.1170, 0.1416,
    0.1435, 0.1837, 0.1400, 0.1344, 0.1464, 0.1636, 0.1422, 0.1298, 0.1629, 0.1578,
    0.1441, 0.1860, 0.1247, 0.1774, 0.1452,
  ]

#### critic_loss
  Points: 35
  Min: 0.7190, Max: 1.0828, Mean: 0.9638
  Data: [
    0.7190, 0.9532, 1.0294, 0.9296, 0.9249, 0.9459, 1.0146, 0.9955, 0.9237, 0.9909,
    1.0350, 1.0201, 0.9205, 0.9833, 0.9948, 1.0059, 1.0828, 0.9539, 0.9531, 1.0112,
    0.9095, 1.0327, 0.8937, 0.9014, 0.9506, 1.0197, 0.9002, 0.8830, 0.9335, 1.0256,
    0.9619, 1.0128, 0.9697, 1.0146, 0.9355,
  ]

#### entropy_max
  Points: 35
  Min: 7.6637, Max: 7.6743, Mean: 7.6711
  Data: [
    7.6637, 7.6726, 7.6683, 7.6719, 7.6719, 7.6707, 7.6730, 7.6743, 7.6740, 7.6730,
    7.6703, 7.6732, 7.6714, 7.6712, 7.6736, 7.6707, 7.6713, 7.6724, 7.6733, 7.6708,
    7.6721, 7.6707, 7.6728, 7.6714, 7.6712, 7.6706, 7.6679, 7.6673, 7.6696, 7.6723,
    7.6684, 7.6665, 7.6733, 7.6726, 7.6713,
  ]

#### entropy_mean
  Points: 35
  Min: 2.9367, Max: 3.9699, Mean: 3.4931
  Data: [
    3.6389, 3.4561, 3.0266, 3.4821, 3.5892, 3.2529, 3.3752, 3.4900, 3.7018, 3.6038,
    3.4232, 3.4175, 3.9253, 3.4270, 3.7262, 3.4999, 3.7555, 3.6214, 3.4805, 3.5597,
    3.9699, 3.5898, 3.7692, 3.7484, 3.4107, 3.7276, 3.4113, 3.6162, 3.3511, 3.2426,
    2.9367, 2.9941, 3.5300, 3.3229, 3.1865,
  ]

#### entropy_min
  Points: 35
  Min: 1.6758, Max: 1.6758, Mean: 1.6758
  Data: [
    1.6758, 1.6758, 1.6758, 1.6758, 1.6758, 1.6758, 1.6758, 1.6758, 1.6758, 1.6758,
    1.6758, 1.6758, 1.6758, 1.6758, 1.6758, 1.6758, 1.6758, 1.6758, 1.6758, 1.6758,
    1.6758, 1.6758, 1.6758, 1.6758, 1.6758, 1.6758, 1.6758, 1.6758, 1.6758, 1.6758,
    1.6758, 1.6758, 1.6758, 1.6758, 1.6758,
  ]

#### entropy_std
  Points: 35
  Min: 1.5205, Max: 2.1874, Mean: 1.9316
  Data: [
    2.0022, 1.9004, 1.7525, 2.0060, 2.0656, 1.7683, 1.8704, 1.9165, 2.1874, 1.9584,
    1.9652, 2.0148, 2.0810, 2.0000, 2.0435, 1.8491, 2.1362, 1.9715, 1.9598, 2.0389,
    2.0202, 1.9409, 1.9170, 1.9275, 1.8392, 1.9023, 1.8664, 1.9942, 1.9001, 1.6841,
    1.5205, 1.7253, 2.1441, 1.8234, 1.9139,
  ]

#### logprobs_mean
  Points: 35
  Min: -0.9817, Max: -0.4954, Mean: -0.7109
  Data: [
    -0.8233, -0.7488, -0.6499, -0.7359, -0.7544, -0.7152, -0.8130, -0.7012, -0.7928, -0.8305,
    -0.6219, -0.7019, -0.9817, -0.7640, -0.7882, -0.7816, -0.8066, -0.7620, -0.6858, -0.6626,
    -0.8723, -0.5968, -0.7379, -0.7222, -0.6585, -0.7935, -0.6159, -0.7090, -0.6008, -0.5369,
    -0.5300, -0.4954, -0.7373, -0.5682, -0.5846,
  ]

#### logprobs_std
  Points: 35
  Min: 1.5864, Max: 1.7738, Mean: 1.6792
  Data: [
    1.6273, 1.6645, 1.6076, 1.6564, 1.7068, 1.6241, 1.5998, 1.6747, 1.6653, 1.6455,
    1.6817, 1.6773, 1.5864, 1.6086, 1.6547, 1.6119, 1.7524, 1.6725, 1.7054, 1.7367,
    1.6968, 1.7738, 1.6974, 1.7424, 1.6808, 1.6555, 1.7042, 1.7366, 1.7181, 1.7139,
    1.6387, 1.6937, 1.7102, 1.7371, 1.7143,
  ]

#### mean_reg_loss
  Points: 35
  Min: 0.0017, Max: 0.0028, Mean: 0.0024
  Data: [
    0.0020, 0.0023, 0.0025, 0.0023, 0.0023, 0.0023, 0.0021, 0.0024, 0.0021, 0.0020,
    0.0025, 0.0023, 0.0017, 0.0021, 0.0021, 0.0021, 0.0023, 0.0023, 0.0023, 0.0024,
    0.0020, 0.0027, 0.0024, 0.0024, 0.0025, 0.0022, 0.0026, 0.0025, 0.0026, 0.0028,
    0.0027, 0.0028, 0.0024, 0.0028, 0.0027,
  ]


### VALUES
#### critic_slow_diff
  Points: 35
  Min: 0.0260, Max: 0.0873, Mean: 0.0461
  Data: [
    0.0306, 0.0349, 0.0489, 0.0485, 0.0466, 0.0398, 0.0577, 0.0686, 0.0334, 0.0425,
    0.0295, 0.0444, 0.0318, 0.0421, 0.0426, 0.0566, 0.0475, 0.0280, 0.0260, 0.0306,
    0.0262, 0.0655, 0.0497, 0.0403, 0.0341, 0.0430, 0.0582, 0.0301, 0.0348, 0.0662,
    0.0572, 0.0873, 0.0634, 0.0624, 0.0645,
  ]

#### lambda_returns_max
  Points: 35
  Min: 5.6044, Max: 11.9804, Mean: 7.4085
  Data: [
    6.5016, 6.7388, 5.6044, 6.3193, 6.3726, 7.1719, 5.7772, 6.6372, 6.7152, 6.2308,
    9.0800, 6.2423, 7.5049, 6.5957, 6.8953, 7.8463, 11.9804, 6.8574, 7.1197, 7.1161,
    8.5496, 9.5113, 7.1296, 11.6276, 6.2033, 7.6220, 7.1902, 6.5790, 7.5000, 9.7806,
    6.9859, 7.4664, 7.1551, 8.0230, 6.6660,
  ]

#### lambda_returns_mean
  Points: 35
  Min: 2.2696, Max: 3.5644, Mean: 2.6449
  Data: [
    3.5644, 2.7402, 2.7158, 2.7345, 2.8699, 2.7048, 2.6007, 2.6284, 2.5478, 2.6218,
    2.4984, 2.6346, 2.7367, 2.3421, 2.4410, 2.3351, 2.2885, 2.5767, 2.7340, 2.6425,
    2.6199, 2.7566, 2.5698, 2.8042, 2.6718, 2.2696, 2.6575, 2.5421, 2.6646, 2.7731,
    2.7567, 2.7011, 2.5176, 2.3703, 2.9399,
  ]

#### lambda_returns_min
  Points: 35
  Min: -6.7765, Max: -3.8374, Mean: -5.6118
  Data: [
    -3.8374, -6.1230, -5.1559, -5.8298, -4.0093, -5.8033, -5.8963, -5.8374, -5.1255, -4.3499,
    -5.6380, -6.0810, -5.9758, -6.1941, -6.1738, -6.0185, -5.6957, -5.5723, -5.5812, -6.0124,
    -5.5293, -5.6804, -6.1437, -5.3291, -5.4767, -6.0372, -5.7110, -5.6285, -6.0084, -4.8710,
    -6.7765, -6.2071, -5.2338, -5.8315, -5.0371,
  ]

#### lambda_returns_std
  Points: 35
  Min: 0.8603, Max: 1.5590, Mean: 1.2530
  Data: [
    0.8603, 1.3166, 1.2788, 1.1258, 1.2887, 1.4126, 1.2564, 1.2353, 1.1494, 1.0862,
    1.4491, 1.4948, 1.0331, 1.5590, 1.3326, 1.2865, 1.5098, 1.1377, 1.0387, 1.3096,
    1.3055, 1.4391, 1.1768, 1.1827, 1.1768, 1.2221, 1.2188, 1.0765, 1.2666, 1.2182,
    1.2222, 1.5042, 1.2145, 1.3393, 1.1290,
  ]

#### max
  Points: 35
  Min: 5.1494, Max: 5.6484, Mean: 5.3121
  Data: [
    5.4826, 5.4192, 5.4419, 5.2592, 5.2396, 5.2258, 5.2616, 5.1829, 5.2393, 5.2320,
    5.5778, 5.1809, 5.2896, 5.2747, 5.3197, 5.1646, 5.5068, 5.1494, 5.1583, 5.2090,
    5.3076, 5.5491, 5.2632, 5.5140, 5.2687, 5.4277, 5.1532, 5.3916, 5.2302, 5.6484,
    5.2576, 5.3981, 5.1549, 5.2764, 5.2688,
  ]

#### mean
  Points: 35
  Min: 2.2487, Max: 3.5537, Mean: 2.6232
  Data: [
    3.5537, 2.7010, 2.7211, 2.6998, 2.8421, 2.6956, 2.5543, 2.6259, 2.5536, 2.5759,
    2.4511, 2.5810, 2.7111, 2.3505, 2.4264, 2.2946, 2.2487, 2.5466, 2.6850, 2.6265,
    2.6386, 2.7312, 2.5198, 2.7740, 2.6674, 2.2607, 2.6635, 2.5369, 2.6485, 2.7286,
    2.7518, 2.7243, 2.4799, 2.3455, 2.8965,
  ]

#### min
  Points: 35
  Min: -5.3393, Max: -3.3517, Mean: -4.7749
  Data: [
    -3.7922, -4.8233, -4.5081, -4.1200, -3.3517, -5.1936, -5.3072, -4.9321, -3.7687, -4.5380,
    -4.9925, -4.7477, -5.1943, -5.3393, -5.3122, -4.4959, -5.1974, -5.1794, -4.9581, -5.1854,
    -4.9150, -5.1601, -5.2010, -4.4978, -4.9084, -4.8589, -4.6982, -4.8477, -4.9823, -3.9777,
    -4.8358, -4.9430, -4.7666, -4.9053, -4.6854,
  ]

#### norm_high
  Points: 35
  Min: 0.7652, Max: 4.9810, Mean: 4.8192
  Data: [
    0.7652, 4.9364, 4.9433, 4.9351, 4.9305, 4.9734, 4.9390, 4.9421, 4.9206, 4.9103,
    4.9463, 4.9138, 4.9501, 4.9274, 4.9375, 4.9453, 4.9465, 4.9368, 4.9195, 4.9229,
    4.9353, 4.9810, 4.9232, 4.9807, 4.9470, 4.9141, 4.9464, 4.9406, 4.9594, 4.9687,
    4.9183, 4.9250, 4.9100, 4.9230, 4.9562,
  ]

#### norm_low
  Points: 35
  Min: 0.2755, Max: 1.5172, Mean: 1.1556
  Data: [
    0.2755, 1.3888, 1.1295, 1.1037, 1.3572, 1.2080, 1.2178, 1.0900, 0.9768, 0.9319,
    1.0045, 1.0298, 0.9233, 0.7839, 0.7014, 0.5249, 0.7974, 0.9987, 1.0923, 1.1147,
    1.2458, 1.4187, 1.3464, 1.4123, 1.3685, 1.3287, 1.3531, 1.4004, 1.5172, 1.4792,
    1.3413, 1.4303, 1.2645, 1.3963, 1.4926,
  ]

#### norm_scale
  Points: 35
  Min: 0.4897, Max: 4.4203, Mean: 3.6636
  Data: [
    0.4897, 3.5476, 3.8138, 3.8313, 3.5732, 3.7654, 3.7212, 3.8520, 3.9438, 3.9785,
    3.9418, 3.8841, 4.0269, 4.1435, 4.2362, 4.4203, 4.1491, 3.9381, 3.8271, 3.8081,
    3.6895, 3.5623, 3.5768, 3.5684, 3.5785, 3.5854, 3.5933, 3.5402, 3.4422, 3.4896,
    3.5770, 3.4947, 3.6455, 3.5267, 3.4636,
  ]

#### std
  Points: 35
  Min: 0.8008, Max: 1.3559, Mean: 1.1109
  Data: [
    0.8008, 1.1864, 1.1064, 1.0129, 1.1802, 1.2743, 1.1487, 1.0606, 1.0484, 0.9920,
    1.2714, 1.3391, 0.9591, 1.3559, 1.2197, 1.1592, 1.3340, 1.0434, 0.9466, 1.1603,
    1.1201, 1.2361, 1.0514, 1.0385, 1.0336, 0.9922, 1.0830, 0.9425, 1.0460, 1.0838,
    1.0826, 1.2840, 1.1297, 1.1039, 1.0528,
  ]


### IMAGINATION
#### continue_mean
  Points: 35
  Min: 0.9793, Max: 0.9914, Mean: 0.9858
  Data: [
    0.9793, 0.9846, 0.9860, 0.9838, 0.9841, 0.9834, 0.9886, 0.9839, 0.9851, 0.9870,
    0.9850, 0.9810, 0.9886, 0.9854, 0.9853, 0.9874, 0.9893, 0.9908, 0.9868, 0.9848,
    0.9862, 0.9853, 0.9877, 0.9862, 0.9873, 0.9914, 0.9860, 0.9876, 0.9879, 0.9867,
    0.9870, 0.9855, 0.9807, 0.9860, 0.9819,
  ]

#### continue_min
  Points: 35
  Min: 0.0000, Max: 0.0000, Mean: 0.0000
  Data: [
    0.0000, 0.0000, 0.0000, 0.0000, 0.0000, 0.0000, 0.0000, 0.0000, 0.0000, 0.0000,
    0.0000, 0.0000, 0.0000, 0.0000, 0.0000, 0.0000, 0.0000, 0.0000, 0.0000, 0.0000,
    0.0000, 0.0000, 0.0000, 0.0000, 0.0000, 0.0000, 0.0000, 0.0000, 0.0000, 0.0000,
    0.0000, 0.0000, 0.0000, 0.0000, 0.0000,
  ]

#### reward_abs_mean
  Points: 35
  Min: 0.0499, Max: 0.1053, Mean: 0.0762
  Data: [
    0.1053, 0.0862, 0.0757, 0.0883, 0.0861, 0.0887, 0.0594, 0.0845, 0.0738, 0.0651,
    0.0825, 0.1023, 0.0617, 0.0792, 0.0810, 0.0693, 0.0613, 0.0512, 0.0696, 0.0777,
    0.0717, 0.0846, 0.0709, 0.0797, 0.0656, 0.0499, 0.0761, 0.0583, 0.0672, 0.0745,
    0.0706, 0.0814, 0.0960, 0.0757, 0.0945,
  ]

#### reward_max
  Points: 35
  Min: 2.5000, Max: 2.5005, Mean: 2.5002
  Data: [
    2.5004, 2.5003, 2.5004, 2.5005, 2.5003, 2.5005, 2.5001, 2.5002, 2.5004, 2.5002,
    2.5002, 2.5003, 2.5002, 2.5003, 2.5002, 2.5002, 2.5001, 2.5001, 2.5001, 2.5002,
    2.5002, 2.5004, 2.5000, 2.5001, 2.5001, 2.5001, 2.5001, 2.5001, 2.5003, 2.5002,
    2.5002, 2.5001, 2.5002, 2.5001, 2.5001,
  ]

#### reward_mean
  Points: 35
  Min: 0.0114, Max: 0.0923, Mean: 0.0453
  Data: [
    0.0923, 0.0395, 0.0396, 0.0551, 0.0659, 0.0488, 0.0280, 0.0451, 0.0497, 0.0470,
    0.0442, 0.0650, 0.0433, 0.0290, 0.0453, 0.0435, 0.0365, 0.0283, 0.0458, 0.0521,
    0.0430, 0.0530, 0.0431, 0.0519, 0.0409, 0.0114, 0.0383, 0.0361, 0.0360, 0.0504,
    0.0408, 0.0346, 0.0593, 0.0361, 0.0665,
  ]

#### reward_min
  Points: 35
  Min: -2.6464, Max: -0.1338, Mean: -2.5142
  Data: [
    -0.1338, -2.5914, -2.6018, -2.5734, -2.5377, -2.5844, -2.5447, -2.6080, -2.5685, -2.5866,
    -2.5678, -2.6027, -2.6152, -2.6084, -2.5957, -2.5995, -2.5830, -2.5883, -2.5710, -2.5971,
    -2.5795, -2.6153, -2.5957, -2.5825, -2.5452, -2.5862, -2.5450, -2.5883, -2.5882, -2.5617,
    -2.5807, -2.5757, -2.6464, -2.5674, -2.5811,
  ]

#### reward_nonzero_frac
  Points: 35
  Min: 0.0451, Max: 0.0938, Mean: 0.0714
  Data: [
    0.0938, 0.0863, 0.0811, 0.0889, 0.0878, 0.0829, 0.0593, 0.0817, 0.0657, 0.0642,
    0.0787, 0.0929, 0.0587, 0.0736, 0.0799, 0.0662, 0.0589, 0.0451, 0.0589, 0.0696,
    0.0640, 0.0773, 0.0638, 0.0752, 0.0554, 0.0505, 0.0711, 0.0508, 0.0612, 0.0718,
    0.0598, 0.0750, 0.0866, 0.0810, 0.0814,
  ]

#### reward_significant_frac
  Points: 35
  Min: 0.0163, Max: 0.0426, Mean: 0.0274
  Data: [
    0.0426, 0.0311, 0.0260, 0.0313, 0.0318, 0.0319, 0.0199, 0.0298, 0.0261, 0.0226,
    0.0303, 0.0378, 0.0236, 0.0279, 0.0292, 0.0257, 0.0224, 0.0171, 0.0244, 0.0284,
    0.0279, 0.0308, 0.0259, 0.0285, 0.0232, 0.0163, 0.0269, 0.0204, 0.0242, 0.0263,
    0.0238, 0.0290, 0.0356, 0.0258, 0.0340,
  ]

#### reward_std
  Points: 35
  Min: 0.2631, Max: 0.4003, Mean: 0.3331
  Data: [
    0.4003, 0.3589, 0.3306, 0.3626, 0.3552, 0.3643, 0.2990, 0.3560, 0.3324, 0.3079,
    0.3467, 0.3915, 0.3078, 0.3446, 0.3417, 0.3151, 0.2949, 0.2678, 0.3211, 0.3378,
    0.3315, 0.3471, 0.3170, 0.3378, 0.3100, 0.2631, 0.3318, 0.2997, 0.3135, 0.3223,
    0.3180, 0.3446, 0.3796, 0.3319, 0.3763,
  ]


### ACTIONS
#### abs_mean
  Points: 35
  Min: 0.4874, Max: 0.5573, Mean: 0.5128
  Data: [
    0.5114, 0.5146, 0.4908, 0.5085, 0.4990, 0.4915, 0.5116, 0.5140, 0.4874, 0.5250,
    0.5014, 0.5077, 0.5194, 0.5129, 0.5149, 0.5039, 0.4896, 0.5325, 0.5251, 0.5459,
    0.5205, 0.5160, 0.5573, 0.5119, 0.5126, 0.5212, 0.5084, 0.5377, 0.5154, 0.5175,
    0.4931, 0.4887, 0.5206, 0.5139, 0.5056,
  ]

#### dim0_mean
  Points: 35
  Min: 0.0164, Max: 0.2025, Mean: 0.1181
  Data: [
    0.1285, 0.1007, 0.0844, 0.1510, 0.1582, 0.1663, 0.1093, 0.1713, 0.1264, 0.1524,
    0.0774, 0.1546, 0.1190, 0.1600, 0.1516, 0.1508, 0.0934, 0.1437, 0.0919, 0.1376,
    0.0205, 0.1385, 0.0436, 0.1285, 0.0610, 0.0164, 0.0758, 0.0915, 0.1072, 0.1421,
    0.0877, 0.1050, 0.1742, 0.2025, 0.1116,
  ]

#### dim1_mean
  Points: 35
  Min: -0.1335, Max: 0.1066, Mean: -0.0089
  Data: [
    -0.0548, -0.0039, 0.0153, -0.0256, -0.0383, -0.0092, 0.0529, -0.0703, -0.0776, 0.0213,
    -0.0666, 0.1066, 0.0592, 0.0021, 0.0424, 0.0155, 0.0157, -0.0493, -0.0492, -0.0060,
    -0.0098, 0.0612, -0.0188, -0.0435, -0.1335, 0.0003, -0.0629, 0.0028, -0.0416, -0.0721,
    -0.0117, 0.0509, 0.0474, 0.0489, -0.0107,
  ]

#### dim2_mean
  Points: 35
  Min: -0.1482, Max: 0.0530, Mean: -0.0395
  Data: [
    -0.1042, -0.1482, -0.0982, -0.1329, -0.1017, -0.0405, -0.0898, -0.0983, -0.0686, -0.0310,
    -0.0678, -0.0236, -0.0111, -0.0433, -0.0584, -0.1158, -0.0386, -0.0592, 0.0219, -0.0566,
    0.0032, -0.0389, -0.0522, -0.0029, -0.0943, 0.0122, -0.0304, -0.0456, 0.0137, 0.0429,
    0.0251, 0.0220, 0.0473, 0.0287, 0.0530,
  ]

#### dim3_mean
  Points: 35
  Min: -0.1002, Max: 0.0192, Mean: -0.0420
  Data: [
    0.0084, -0.0096, -0.0143, -0.0831, -0.0309, 0.0192, -0.0369, -0.0179, -0.0061, -0.0415,
    -0.0442, -0.0319, -0.0161, -0.0535, -0.0732, -0.0408, -0.0298, -0.0740, -0.0640, -0.0103,
    -0.0440, -0.0021, -0.0395, -0.0190, -0.0948, -0.0203, -0.0102, -0.0842, -0.0775, -0.0832,
    -0.0886, -0.0686, -0.0327, -0.0555, -0.1002,
  ]

#### max
  Points: 35
  Min: 0.9998, Max: 1.0000, Mean: 1.0000
  Data: [
    1.0000, 1.0000, 1.0000, 1.0000, 1.0000, 0.9999, 0.9999, 0.9999, 1.0000, 1.0000,
    1.0000, 0.9999, 1.0000, 0.9999, 0.9999, 0.9999, 0.9999, 1.0000, 1.0000, 1.0000,
    1.0000, 0.9998, 1.0000, 1.0000, 1.0000, 0.9999, 0.9999, 1.0000, 0.9999, 1.0000,
    0.9999, 0.9999, 1.0000, 1.0000, 1.0000,
  ]

#### mean
  Points: 35
  Min: -0.0654, Max: 0.0591, Mean: 0.0069
  Data: [
    -0.0055, -0.0152, -0.0032, -0.0226, -0.0032, 0.0339, 0.0089, -0.0038, -0.0065, 0.0253,
    -0.0253, 0.0514, 0.0378, 0.0163, 0.0156, 0.0024, 0.0102, -0.0097, 0.0001, 0.0162,
    -0.0075, 0.0397, -0.0167, 0.0158, -0.0654, 0.0022, -0.0069, -0.0089, 0.0004, 0.0074,
    0.0031, 0.0273, 0.0591, 0.0561, 0.0134,
  ]

#### min
  Points: 35
  Min: -1.0000, Max: -0.9998, Mean: -0.9999
  Data: [
    -0.9999, -1.0000, -0.9999, -1.0000, -0.9998, -0.9998, -1.0000, -0.9999, -0.9999, -1.0000,
    -1.0000, -1.0000, -1.0000, -1.0000, -0.9999, -0.9999, -1.0000, -1.0000, -0.9999, -0.9999,
    -0.9999, -0.9999, -1.0000, -0.9999, -0.9999, -1.0000, -0.9999, -1.0000, -1.0000, -0.9999,
    -1.0000, -1.0000, -0.9999, -0.9998, -0.9999,
  ]

#### std
  Points: 35
  Min: 0.5675, Max: 0.6353, Mean: 0.5923
  Data: [
    0.5922, 0.5964, 0.5726, 0.5881, 0.5793, 0.5675, 0.5904, 0.5928, 0.5685, 0.6056,
    0.5809, 0.5839, 0.5990, 0.5916, 0.5951, 0.5855, 0.5718, 0.6114, 0.6041, 0.6244,
    0.6002, 0.5960, 0.6353, 0.5921, 0.5890, 0.6011, 0.5905, 0.6169, 0.5941, 0.5961,
    0.5748, 0.5694, 0.5980, 0.5890, 0.5851,
  ]


### GRADIENTS
#### actor_norm
  Points: 35
  Min: 0.0557, Max: 0.4541, Mean: 0.1084
  Data: [
    0.4541, 0.0875, 0.0949, 0.0919, 0.0885, 0.0987, 0.0913, 0.1168, 0.0706, 0.0977,
    0.0811, 0.1231, 0.0557, 0.0929, 0.0929, 0.0662, 0.0882, 0.0927, 0.0938, 0.1112,
    0.1005, 0.1335, 0.0894, 0.0913, 0.0880, 0.1128, 0.0980, 0.0946, 0.1154, 0.1106,
    0.1116, 0.1158, 0.0987, 0.1419, 0.1022,
  ]

#### critic_norm
  Points: 35
  Min: 0.1987, Max: 0.3977, Mean: 0.2834
  Data: [
    0.1987, 0.2753, 0.3488, 0.2691, 0.2835, 0.3053, 0.3977, 0.2683, 0.3185, 0.3398,
    0.3039, 0.2809, 0.2596, 0.2675, 0.2559, 0.3310, 0.2399, 0.2314, 0.2697, 0.2850,
    0.2666, 0.2580, 0.2405, 0.2373, 0.3474, 0.3332, 0.2741, 0.2862, 0.2860, 0.2574,
    0.2414, 0.3679, 0.3044, 0.2458, 0.2418,
  ]

#### world_model_norm
  Points: 35
  Min: 5.0061, Max: 40.2862, Mean: 13.3658
  Data: [
    19.8844, 5.0061, 30.0070, 9.0295, 6.9592, 9.1962, 14.6119, 15.4793, 7.7187, 7.4886,
    11.1534, 40.2862, 14.5109, 11.6653, 10.5417, 15.0339, 12.8907, 8.7392, 8.0421, 16.0127,
    10.2913, 25.4394, 7.5107, 22.1375, 9.4271, 34.1931, 6.9710, 6.8392, 13.0145, 10.1320,
    6.6889, 8.2862, 7.4852, 6.4651, 18.6632,
  ]


### DIAGNOSTICS
#### advantage_contribution
  Points: 35
  Min: 0.0686, Max: 0.4106, Mean: 0.1031
  Data: [
    0.4106, 0.1006, 0.0927, 0.0809, 0.0857, 0.0854, 0.0970, 0.0900, 0.0755, 0.0863,
    0.0994, 0.0966, 0.0695, 0.0832, 0.0741, 0.0686, 0.1070, 0.0793, 0.0835, 0.0985,
    0.0948, 0.1243, 0.0892, 0.0966, 0.0969, 0.1066, 0.0908, 0.0875, 0.1106, 0.1163,
    0.0943, 0.1281, 0.0851, 0.1209, 0.1030,
  ]

#### entropy_advantage_ratio
  Points: 35
  Min: 0.0027, Max: 0.0170, Mean: 0.0112
  Data: [
    0.0027, 0.0103, 0.0098, 0.0129, 0.0126, 0.0114, 0.0104, 0.0116, 0.0147, 0.0125,
    0.0103, 0.0106, 0.0170, 0.0124, 0.0151, 0.0153, 0.0105, 0.0137, 0.0125, 0.0108,
    0.0126, 0.0087, 0.0127, 0.0116, 0.0106, 0.0105, 0.0113, 0.0124, 0.0091, 0.0084,
    0.0093, 0.0070, 0.0124, 0.0082, 0.0093,
  ]

#### entropy_contribution
  Points: 35
  Min: 0.0009, Max: 0.0012, Mean: 0.0010
  Data: [
    0.0011, 0.0010, 0.0009, 0.0010, 0.0011, 0.0010, 0.0010, 0.0010, 0.0011, 0.0011,
    0.0010, 0.0010, 0.0012, 0.0010, 0.0011, 0.0010, 0.0011, 0.0011, 0.0010, 0.0011,
    0.0012, 0.0011, 0.0011, 0.0011, 0.0010, 0.0011, 0.0010, 0.0011, 0.0010, 0.0010,
    0.0009, 0.0009, 0.0011, 0.0010, 0.0010,
  ]

#### return_range_S
  Points: 35
  Min: 0.4897, Max: 4.4203, Mean: 3.6636
  Data: [
    0.4897, 3.5476, 3.8138, 3.8313, 3.5732, 3.7654, 3.7212, 3.8520, 3.9438, 3.9785,
    3.9418, 3.8841, 4.0269, 4.1435, 4.2362, 4.4203, 4.1491, 3.9381, 3.8271, 3.8081,
    3.6895, 3.5623, 3.5768, 3.5684, 3.5785, 3.5854, 3.5933, 3.5402, 3.4422, 3.4896,
    3.5770, 3.4947, 3.6455, 3.5267, 3.4636,
  ]

#### return_range_at_floor
  Points: 35
  Min: 0.0000, Max: 1.0000, Mean: 0.0286
  Data: [
    1.0000, 0.0000, 0.0000, 0.0000, 0.0000, 0.0000, 0.0000, 0.0000, 0.0000, 0.0000,
    0.0000, 0.0000, 0.0000, 0.0000, 0.0000, 0.0000, 0.0000, 0.0000, 0.0000, 0.0000,
    0.0000, 0.0000, 0.0000, 0.0000, 0.0000, 0.0000, 0.0000, 0.0000, 0.0000, 0.0000,
    0.0000, 0.0000, 0.0000, 0.0000, 0.0000,
  ]


### SPARSE_SIGNAL
#### advantage_nonzero_frac
  Points: 35
  Min: 0.6535, Max: 0.9387, Mean: 0.7358
  Data: [
    0.9387, 0.7526, 0.7496, 0.7219, 0.7086, 0.7416, 0.7693, 0.7480, 0.6535, 0.7056,
    0.7503, 0.7429, 0.6857, 0.6925, 0.6912, 0.7151, 0.7142, 0.7086, 0.7413, 0.7288,
    0.7191, 0.7601, 0.6809, 0.7378, 0.7541, 0.7542, 0.7066, 0.7015, 0.7405, 0.7759,
    0.7558, 0.7600, 0.7253, 0.7550, 0.7675,
  ]

#### advantage_significant_frac
  Points: 35
  Min: 0.1260, Max: 0.5387, Mean: 0.1889
  Data: [
    0.5387, 0.1739, 0.1855, 0.1584, 0.1723, 0.1593, 0.2105, 0.1694, 0.1427, 0.1724,
    0.1951, 0.1879, 0.1260, 0.1586, 0.1477, 0.1271, 0.1966, 0.1609, 0.1622, 0.1938,
    0.1562, 0.2355, 0.1720, 0.1712, 0.1925, 0.1860, 0.1646, 0.1536, 0.2123, 0.2305,
    0.1825, 0.2303, 0.1632, 0.2188, 0.2041,
  ]

#### event_rate_in_batch
  Points: 35
  Min: 0.0121, Max: 0.0403, Mean: 0.0251
  Data: [
    0.0403, 0.0262, 0.0312, 0.0353, 0.0282, 0.0222, 0.0141, 0.0272, 0.0242, 0.0181,
    0.0333, 0.0363, 0.0262, 0.0262, 0.0333, 0.0292, 0.0141, 0.0151, 0.0242, 0.0202,
    0.0242, 0.0242, 0.0232, 0.0363, 0.0181, 0.0121, 0.0222, 0.0161, 0.0242, 0.0161,
    0.0282, 0.0222, 0.0363, 0.0192, 0.0323,
  ]

#### lambda_return_abs_mean
  Points: 35
  Min: 2.3846, Max: 3.5733, Mean: 2.7314
  Data: [
    3.5733, 2.8680, 2.8157, 2.7778, 2.9376, 2.8194, 2.7176, 2.7302, 2.5908, 2.6488,
    2.6484, 2.7709, 2.7623, 2.5693, 2.5211, 2.3846, 2.4350, 2.5971, 2.7625, 2.7203,
    2.7424, 2.8937, 2.6119, 2.8293, 2.7368, 2.4147, 2.7407, 2.5949, 2.7849, 2.8051,
    2.8329, 2.8972, 2.5706, 2.5218, 2.9704,
  ]

#### lambda_return_nonzero_frac
  Points: 35
  Min: 0.9970, Max: 1.0000, Mean: 0.9988
  Data: [
    1.0000, 0.9977, 0.9970, 0.9979, 0.9973, 0.9991, 0.9981, 0.9981, 0.9992, 0.9998,
    0.9993, 0.9981, 0.9991, 0.9994, 0.9990, 0.9982, 0.9972, 0.9984, 0.9991, 0.9978,
    0.9992, 0.9990, 0.9996, 1.0000, 0.9999, 0.9985, 0.9993, 0.9993, 0.9993, 0.9978,
    0.9990, 0.9990, 0.9985, 0.9988, 0.9998,
  ]

#### lambda_return_significant_frac
  Points: 35
  Min: 0.9014, Max: 0.9981, Mean: 0.9722
  Data: [
    0.9981, 0.9816, 0.9601, 0.9814, 0.9790, 0.9772, 0.9727, 0.9752, 0.9724, 0.9765,
    0.9786, 0.9680, 0.9915, 0.9249, 0.9310, 0.9116, 0.9014, 0.9471, 0.9807, 0.9448,
    0.9923, 0.9731, 0.9880, 0.9925, 0.9885, 0.9770, 0.9875, 0.9856, 0.9862, 0.9815,
    0.9842, 0.9857, 0.9787, 0.9784, 0.9942,
  ]

#### nonsparse_pred_error
  Points: 35
  Min: 0.0051, Max: 0.0136, Mean: 0.0082
  Data: [
    0.0077, 0.0055, 0.0075, 0.0122, 0.0095, 0.0080, 0.0068, 0.0082, 0.0064, 0.0058,
    0.0102, 0.0093, 0.0095, 0.0088, 0.0085, 0.0104, 0.0063, 0.0056, 0.0081, 0.0136,
    0.0080, 0.0070, 0.0079, 0.0095, 0.0053, 0.0079, 0.0085, 0.0051, 0.0095, 0.0059,
    0.0066, 0.0105, 0.0089, 0.0080, 0.0102,
  ]

#### num_sparse_events
  Points: 35
  Min: 12.0000, Max: 40.0000, Mean: 24.9429
  Data: [
    40.0000, 26.0000, 31.0000, 35.0000, 28.0000, 22.0000, 14.0000, 27.0000, 24.0000, 18.0000,
    33.0000, 36.0000, 26.0000, 26.0000, 33.0000, 29.0000, 14.0000, 15.0000, 24.0000, 20.0000,
    24.0000, 24.0000, 23.0000, 36.0000, 18.0000, 12.0000, 22.0000, 16.0000, 24.0000, 16.0000,
    28.0000, 22.0000, 36.0000, 19.0000, 32.0000,
  ]

#### reward_max
  Points: 35
  Min: 2.5000, Max: 2.5000, Mean: 2.5000
  Data: [
    2.5000, 2.5000, 2.5000, 2.5000, 2.5000, 2.5000, 2.5000, 2.5000, 2.5000, 2.5000,
    2.5000, 2.5000, 2.5000, 2.5000, 2.5000, 2.5000, 2.5000, 2.5000, 2.5000, 2.5000,
    2.5000, 2.5000, 2.5000, 2.5000, 2.5000, 2.5000, 2.5000, 2.5000, 2.5000, 2.5000,
    2.5000, 2.5000, 2.5000, 2.5000, 2.5000,
  ]

#### reward_min
  Points: 35
  Min: -2.6117, Max: -0.0891, Mean: -2.0144
  Data: [
    -0.0891, -2.5928, -2.5913, -2.5873, -0.2216, -2.5680, -2.5408, -2.5734, -0.1341, -0.1764,
    -2.5968, -2.5714, -2.5767, -2.5946, -2.5533, -2.5427, -2.5462, -2.5842, -0.1462, -2.6117,
    -2.5248, -2.5416, -2.5903, -2.5564, -2.5395, -2.5335, -2.5438, -0.1734, -2.5847, -0.1256,
    -2.5452, -2.5566, -2.5566, -0.1487, -2.5851,
  ]

#### reward_range
  Points: 35
  Min: 2.5891, Max: 5.1117, Mean: 4.5144
  Data: [
    2.5891, 5.0928, 5.0913, 5.0873, 2.7216, 5.0680, 5.0408, 5.0734, 2.6341, 2.6764,
    5.0968, 5.0714, 5.0767, 5.0946, 5.0533, 5.0427, 5.0462, 5.0842, 2.6462, 5.1117,
    5.0248, 5.0416, 5.0903, 5.0564, 5.0395, 5.0335, 5.0438, 2.6734, 5.0847, 2.6256,
    5.0452, 5.0566, 5.0566, 2.6487, 5.0851,
  ]

#### reward_variance
  Points: 35
  Min: 0.0564, Max: 0.1593, Mean: 0.1057
  Data: [
    0.1593, 0.1117, 0.1326, 0.1497, 0.1147, 0.0929, 0.0604, 0.1173, 0.0990, 0.0758,
    0.1401, 0.1507, 0.1098, 0.1132, 0.1394, 0.1228, 0.0633, 0.0663, 0.0999, 0.0860,
    0.1000, 0.1043, 0.1036, 0.1481, 0.0761, 0.0564, 0.0940, 0.0669, 0.1011, 0.0670,
    0.1168, 0.0925, 0.1503, 0.0819, 0.1346,
  ]

#### sparse_actual_mean
  Points: 35
  Min: 0.9849, Max: 1.9079, Mean: 1.5414
  Data: [
    1.8750, 1.2840, 1.4003, 1.4536, 1.8750, 1.1821, 1.3318, 1.3308, 1.8750, 1.8750,
    1.6593, 1.4506, 1.2877, 0.9849, 1.6629, 1.6346, 1.6038, 1.4037, 1.8750, 1.4867,
    1.5600, 1.7170, 1.6210, 1.6631, 1.4534, 1.3473, 1.1850, 1.8750, 1.2350, 1.8750,
    1.6032, 1.5280, 1.4511, 1.9079, 1.3960,
  ]

#### sparse_pred_error
  Points: 35
  Min: 0.0011, Max: 0.0915, Mean: 0.0226
  Data: [
    0.0459, 0.0029, 0.0448, 0.0057, 0.0042, 0.0156, 0.0368, 0.0041, 0.0046, 0.0012,
    0.0059, 0.0559, 0.0135, 0.0020, 0.0300, 0.0915, 0.0290, 0.0146, 0.0070, 0.0647,
    0.0072, 0.0727, 0.0071, 0.0190, 0.0040, 0.0893, 0.0086, 0.0011, 0.0341, 0.0103,
    0.0035, 0.0053, 0.0043, 0.0019, 0.0426,
  ]

#### sparse_pred_mean
  Points: 35
  Min: 0.9836, Max: 1.9065, Mean: 1.5330
  Data: [
    1.8345, 1.2816, 1.4323, 1.4539, 1.8717, 1.1887, 1.3666, 1.3314, 1.8773, 1.8752,
    1.6559, 1.3960, 1.2876, 0.9836, 1.6521, 1.6147, 1.5760, 1.3901, 1.8755, 1.4330,
    1.5539, 1.6865, 1.6168, 1.6502, 1.4565, 1.2581, 1.1806, 1.8743, 1.2489, 1.8648,
    1.6063, 1.5243, 1.4479, 1.9065, 1.4025,
  ]

#### sparse_sign_accuracy
  Points: 35
  Min: 1.0000, Max: 1.0000, Mean: 1.0000
  Data: [
    1.0000, 1.0000, 1.0000, 1.0000, 1.0000, 1.0000, 1.0000, 1.0000, 1.0000, 1.0000,
    1.0000, 1.0000, 1.0000, 1.0000, 1.0000, 1.0000, 1.0000, 1.0000, 1.0000, 1.0000,
    1.0000, 1.0000, 1.0000, 1.0000, 1.0000, 1.0000, 1.0000, 1.0000, 1.0000, 1.0000,
    1.0000, 1.0000, 1.0000, 1.0000, 1.0000,
  ]

#### sparse_vs_nonsparse_error_ratio
  Points: 35
  Min: 0.2097, Max: 11.2375, Mean: 2.6945
  Data: [
    5.9856, 0.5234, 6.0016, 0.4641, 0.4381, 1.9455, 5.3695, 0.5037, 0.7222, 0.2097,
    0.5859, 6.0246, 1.4224, 0.2256, 3.5215, 8.8196, 4.5992, 2.6051, 0.8628, 4.7438,
    0.9052, 10.4421, 0.9043, 1.9963, 0.7472, 11.2375, 1.0046, 0.2117, 3.6010, 1.7587,
    0.5268, 0.5081, 0.4841, 0.2390, 4.1682,
  ]

#### sparse_weight_applied
  Points: 35
  Min: 23.8000, Max: 81.6667, Mean: 42.6233
  Data: [
    23.8000, 37.1538, 31.0000, 27.3429, 34.4286, 44.0909, 69.8571, 35.7407, 40.3333, 54.1111,
    29.0606, 26.5556, 37.1538, 37.1538, 29.0606, 33.2069, 69.8571, 65.1333, 40.3333, 48.6000,
    40.3333, 40.3333, 42.1304, 26.5556, 54.1111, 81.6667, 44.0909, 61.0000, 40.3333, 61.0000,
    34.4286, 44.0909, 26.5556, 51.2105, 30.0000,
  ]

#### unweighted_reward_loss
  Points: 35
  Min: 0.1579, Max: 0.2655, Mean: 0.2176
  Data: [
    0.1787, 0.2150, 0.2183, 0.2584, 0.2068, 0.2004, 0.1850, 0.2334, 0.1847, 0.2048,
    0.2655, 0.2626, 0.1806, 0.2324, 0.2633, 0.2506, 0.1579, 0.1672, 0.2401, 0.2450,
    0.1800, 0.2127, 0.2116, 0.2629, 0.1905, 0.2013, 0.2426, 0.1676, 0.1863, 0.1921,
    0.2415, 0.2442, 0.2609, 0.2197, 0.2527,
  ]

#### value_lambda_gap_abs_mean
  Points: 35
  Min: 0.1528, Max: 0.3112, Mean: 0.2490
  Data: [
    0.1528, 0.2501, 0.2786, 0.2293, 0.2291, 0.2360, 0.2695, 0.2498, 0.2186, 0.2487,
    0.2907, 0.2687, 0.1984, 0.2623, 0.2293, 0.2294, 0.2984, 0.2215, 0.2279, 0.2679,
    0.2365, 0.3112, 0.2306, 0.2280, 0.2552, 0.2681, 0.2259, 0.2127, 0.2698, 0.2896,
    0.2494, 0.3086, 0.2222, 0.2957, 0.2539,
  ]

#### value_lambda_gap_mean
  Points: 35
  Min: -0.0282, Max: 0.0465, Mean: 0.0156
  Data: [
    -0.0033, 0.0387, -0.0097, 0.0281, 0.0146, 0.0030, 0.0465, -0.0041, -0.0170, 0.0376,
    0.0439, 0.0436, 0.0185, -0.0102, 0.0084, 0.0353, 0.0342, 0.0264, 0.0457, 0.0060,
    -0.0270, 0.0170, 0.0447, 0.0227, -0.0040, 0.0125, -0.0116, 0.0011, 0.0104, 0.0354,
    -0.0007, -0.0282, 0.0301, 0.0237, 0.0323,
  ]

#### weighted_reward_loss
  Points: 35
  Min: 0.2301, Max: 0.3410, Mean: 0.2764
  Data: [
    0.2626, 0.2727, 0.3279, 0.2908, 0.2557, 0.2659, 0.2679, 0.2786, 0.2445, 0.2533,
    0.2914, 0.3410, 0.2549, 0.2919, 0.2964, 0.3262, 0.2301, 0.2491, 0.2734, 0.3162,
    0.2421, 0.2842, 0.2605, 0.2925, 0.2498, 0.3040, 0.2812, 0.2345, 0.2728, 0.2500,
    0.2756, 0.2808, 0.2894, 0.2579, 0.3082,
  ]

