================================================================================
W&B RUN DATA: _weak_seed42_20260223_031428
================================================================================

## RUN METADATA
Run ID: qjabp40z
Created: 2026-02-23T02:14:29Z
State: running
Duration: 76020.725029804 seconds

## CONFIGURATION
  [Environment]
    opponent: weak
  [Training]
    batch_size: 32
    batch_length: 32
    imagination_horizon: 15
    discount: 0.997
  [Entropy]
    entropy_scale: 0.0003
  [Self-Play]
    self_play_start: 1
    self_play_pool_size: 30
    self_play_save_interval: 250
    self_play_weak_ratio: 0.65
    use_pfsp: True
    pfsp_mode: variance
  [Architecture]
    recurrent_size: 256
    latent_length: 16
    latent_classes: 16
  [Meta]
    seed: 42
    algorithm: DreamerV3

## FINAL SUMMARY
  runtime: 21.12 hours (76021 seconds)

## NOTE: Data reduced (fraction=0.1, max_points=200)

## METRICS DATA

### STATS
#### buffer_size
  Points: 34
  Min: 2873.0000, Max: 250000.0000, Mean: 194787.1765
  Data: [
    2873.0000, 20368.0000, 38621.0000, 54585.0000, 74328.0000, 96416.0000, 112094.0000, 125342.0000, 137880.0000, 161159.0000,
    177634.0000, 195299.0000, 209586.0000, 224331.0000, 242248.0000, 250000.0000, 250000.0000, 250000.0000, 250000.0000, 250000.0000,
    250000.0000, 250000.0000, 250000.0000, 250000.0000, 250000.0000, 250000.0000, 250000.0000, 250000.0000, 250000.0000, 250000.0000,
    250000.0000, 250000.0000, 250000.0000, 250000.0000,
  ]

#### draws
  Points: 34
  Min: 0.0000, Max: 384.0000, Mean: 201.8824
  Data: [
    0.0000, 9.0000, 23.0000, 36.0000, 53.0000, 66.0000, 75.0000, 82.0000, 89.0000, 108.0000,
    121.0000, 134.0000, 148.0000, 161.0000, 182.0000, 194.0000, 203.0000, 216.0000, 223.0000, 239.0000,
    250.0000, 263.0000, 273.0000, 284.0000, 293.0000, 309.0000, 320.0000, 334.0000, 343.0000, 355.0000,
    358.0000, 363.0000, 373.0000, 384.0000,
  ]

#### env_steps
  Points: 34
  Min: 944026.0000, Max: 1480300.0000, Mean: 1220469.6471
  Data: [
    944026.0000, 961521.0000, 979774.0000, 995738.0000, 1015481.0000, 1037569.0000, 1053247.0000, 1066495.0000, 1079033.0000, 1102312.0000,
    1118787.0000, 1136452.0000, 1150739.0000, 1165484.0000, 1183401.0000, 1203013.0000, 1214940.0000, 1232652.0000, 1242144.0000, 1263360.0000,
    1278499.0000, 1296942.0000, 1313605.0000, 1328144.0000, 1341771.0000, 1361257.0000, 1372107.0000, 1392414.0000, 1410048.0000, 1426142.0000,
    1435229.0000, 1450770.0000, 1462572.0000, 1480300.0000,
  ]

#### episodes
  Points: 34
  Min: 11526.0000, Max: 18956.0000, Mean: 15260.4118
  Data: [
    11526.0000, 11746.0000, 11966.0000, 12166.0000, 12416.0000, 12686.0000, 12906.0000, 13116.0000, 13296.0000, 13616.0000,
    13856.0000, 14106.0000, 14306.0000, 14496.0000, 14706.0000, 14996.0000, 15166.0000, 15396.0000, 15536.0000, 15816.0000,
    16026.0000, 16296.0000, 16526.0000, 16736.0000, 16936.0000, 17186.0000, 17326.0000, 17606.0000, 17866.0000, 18106.0000,
    18256.0000, 18516.0000, 18696.0000, 18956.0000,
  ]

#### gradient_steps
  Points: 34
  Min: 357616.0000, Max: 476496.0000, Mean: 417366.5882
  Data: [
    357616.0000, 361136.0000, 364656.0000, 367856.0000, 371856.0000, 376176.0000, 379696.0000, 383056.0000, 385936.0000, 391056.0000,
    394896.0000, 398896.0000, 402096.0000, 405136.0000, 408496.0000, 413136.0000, 415856.0000, 419536.0000, 421776.0000, 426256.0000,
    429616.0000, 433936.0000, 437616.0000, 440976.0000, 444176.0000, 448176.0000, 450416.0000, 454896.0000, 459056.0000, 462896.0000,
    465296.0000, 469456.0000, 472336.0000, 476496.0000,
  ]

#### losses
  Points: 34
  Min: 0.0000, Max: 786.0000, Mean: 396.6471
  Data: [
    0.0000, 26.0000, 49.0000, 75.0000, 102.0000, 131.0000, 151.0000, 167.0000, 185.0000, 214.0000,
    239.0000, 267.0000, 286.0000, 304.0000, 320.0000, 359.0000, 376.0000, 405.0000, 419.0000, 449.0000,
    468.0000, 504.0000, 535.0000, 562.0000, 583.0000, 609.0000, 618.0000, 655.0000, 689.0000, 714.0000,
    727.0000, 750.0000, 762.0000, 786.0000,
  ]

#### mean_reward
  Points: 34
  Min: 5.0243, Max: 9.1593, Mean: 6.4185
  Data: [
    9.1593, 6.3875, 6.1872, 6.8426, 5.6341, 7.0056, 7.4406, 7.1661, 6.4727, 6.8225,
    6.1134, 5.8555, 6.0888, 6.5798, 6.0381, 6.0075, 6.7173, 6.2561, 7.0231, 6.5007,
    6.2095, 5.4672, 5.7721, 5.6423, 5.4461, 5.0243, 7.2686, 6.1139, 5.3837, 6.2601,
    6.1819, 7.0742, 7.1247, 6.9610,
  ]

#### opponent_recent_selfplay_frac
  Points: 34
  Min: 0.0000, Max: 0.4200, Mean: 0.3431
  Data: [
    0.0000, 0.4100, 0.3550, 0.3050, 0.3400, 0.3100, 0.4200, 0.3800, 0.3350, 0.3550,
    0.3500, 0.3000, 0.3800, 0.3850, 0.3800, 0.3300, 0.3450, 0.3450, 0.3250, 0.3450,
    0.3350, 0.4100, 0.4200, 0.3750, 0.3400, 0.3950, 0.3200, 0.3550, 0.3450, 0.3350,
    0.3350, 0.3250, 0.3400, 0.3400,
  ]

#### opponent_recent_strong_frac
  Points: 34
  Min: 0.0000, Max: 0.3450, Mean: 0.3137
  Data: [
    0.0000, 0.2950, 0.3250, 0.3450, 0.3300, 0.3450, 0.2900, 0.3150, 0.3350, 0.3250,
    0.3250, 0.3450, 0.3100, 0.3050, 0.3100, 0.3300, 0.3250, 0.3300, 0.3350, 0.3300,
    0.3300, 0.2950, 0.2900, 0.3100, 0.3350, 0.3050, 0.3400, 0.3250, 0.3250, 0.3350,
    0.3300, 0.3350, 0.3350, 0.3250,
  ]

#### opponent_recent_weak_frac
  Points: 34
  Min: 0.2900, Max: 1.0000, Mean: 0.3432
  Data: [
    1.0000, 0.2950, 0.3200, 0.3500, 0.3300, 0.3450, 0.2900, 0.3050, 0.3300, 0.3200,
    0.3250, 0.3550, 0.3100, 0.3100, 0.3100, 0.3400, 0.3300, 0.3250, 0.3400, 0.3250,
    0.3350, 0.2950, 0.2900, 0.3150, 0.3250, 0.3000, 0.3400, 0.3200, 0.3300, 0.3300,
    0.3350, 0.3400, 0.3250, 0.3350,
  ]

#### opponent_recent_window
  Points: 34
  Min: 1.0000, Max: 200.0000, Mean: 194.1471
  Data: [
    1.0000, 200.0000, 200.0000, 200.0000, 200.0000, 200.0000, 200.0000, 200.0000, 200.0000, 200.0000,
    200.0000, 200.0000, 200.0000, 200.0000, 200.0000, 200.0000, 200.0000, 200.0000, 200.0000, 200.0000,
    200.0000, 200.0000, 200.0000, 200.0000, 200.0000, 200.0000, 200.0000, 200.0000, 200.0000, 200.0000,
    200.0000, 200.0000, 200.0000, 200.0000,
  ]

#### opponent_selfplay_count
  Points: 34
  Min: 0.0000, Max: 2638.0000, Mean: 1331.7353
  Data: [
    0.0000, 88.0000, 168.0000, 229.0000, 314.0000, 403.0000, 495.0000, 574.0000, 632.0000, 743.0000,
    826.0000, 908.0000, 984.0000, 1057.0000, 1140.0000, 1242.0000, 1302.0000, 1381.0000, 1428.0000, 1519.0000,
    1590.0000, 1699.0000, 1796.0000, 1876.0000, 1944.0000, 2034.0000, 2077.0000, 2179.0000, 2262.0000, 2343.0000,
    2395.0000, 2475.0000, 2538.0000, 2638.0000,
  ]

#### opponent_strong_count
  Points: 34
  Min: 0.0000, Max: 2396.0000, Mean: 1201.7353
  Data: [
    0.0000, 66.0000, 137.0000, 206.0000, 288.0000, 379.0000, 443.0000, 509.0000, 570.0000, 674.0000,
    753.0000, 836.0000, 898.0000, 957.0000, 1020.0000, 1114.0000, 1169.0000, 1245.0000, 1291.0000, 1386.0000,
    1455.0000, 1536.0000, 1602.0000, 1667.0000, 1734.0000, 1814.0000, 1862.0000, 1951.0000, 2039.0000, 2119.0000,
    2168.0000, 2258.0000, 2317.0000, 2396.0000,
  ]

#### opponent_weak_count
  Points: 34
  Min: 1.0000, Max: 2397.0000, Mean: 1201.9412
  Data: [
    1.0000, 67.0000, 136.0000, 206.0000, 289.0000, 379.0000, 443.0000, 508.0000, 569.0000, 674.0000,
    752.0000, 837.0000, 899.0000, 957.0000, 1021.0000, 1115.0000, 1170.0000, 1245.0000, 1292.0000, 1386.0000,
    1456.0000, 1536.0000, 1603.0000, 1668.0000, 1733.0000, 1813.0000, 1862.0000, 1951.0000, 2040.0000, 2119.0000,
    2168.0000, 2258.0000, 2316.0000, 2397.0000,
  ]

#### probe_loaded_count
  Points: 34
  Min: 0.0000, Max: 0.0000, Mean: 0.0000
  Data: [
    0.0000, 0.0000, 0.0000, 0.0000, 0.0000, 0.0000, 0.0000, 0.0000, 0.0000, 0.0000,
    0.0000, 0.0000, 0.0000, 0.0000, 0.0000, 0.0000, 0.0000, 0.0000, 0.0000, 0.0000,
    0.0000, 0.0000, 0.0000, 0.0000, 0.0000, 0.0000, 0.0000, 0.0000, 0.0000, 0.0000,
    0.0000, 0.0000, 0.0000, 0.0000,
  ]

#### probe_pending_count
  Points: 34
  Min: 4.0000, Max: 34.0000, Mean: 19.5000
  Data: [
    4.0000, 5.0000, 6.0000, 7.0000, 8.0000, 9.0000, 10.0000, 11.0000, 12.0000, 13.0000,
    14.0000, 15.0000, 16.0000, 16.0000, 17.0000, 18.0000, 19.0000, 20.0000, 21.0000, 22.0000,
    23.0000, 24.0000, 25.0000, 25.0000, 26.0000, 27.0000, 28.0000, 29.0000, 30.0000, 31.0000,
    32.0000, 33.0000, 33.0000, 34.0000,
  ]

#### win_rate
  Points: 34
  Min: 0.7700, Max: 1.0000, Mean: 0.8471
  Data: [
    1.0000, 0.8500, 0.8500, 0.8800, 0.8000, 0.8900, 0.9000, 0.8900, 0.8500, 0.8600,
    0.8200, 0.8100, 0.8100, 0.8500, 0.8100, 0.8300, 0.8600, 0.8400, 0.8700, 0.8600,
    0.8300, 0.8000, 0.8100, 0.8200, 0.8000, 0.7700, 0.8700, 0.8400, 0.8100, 0.8400,
    0.8400, 0.8800, 0.8800, 0.8800,
  ]

#### wins
  Points: 34
  Min: 1.0000, Max: 6261.0000, Mean: 3136.8824
  Data: [
    1.0000, 186.0000, 369.0000, 530.0000, 736.0000, 964.0000, 1155.0000, 1342.0000, 1497.0000, 1769.0000,
    1971.0000, 2180.0000, 2347.0000, 2506.0000, 2679.0000, 2918.0000, 3062.0000, 3250.0000, 3369.0000, 3603.0000,
    3783.0000, 4004.0000, 4193.0000, 4365.0000, 4535.0000, 4743.0000, 4863.0000, 5092.0000, 5309.0000, 5512.0000,
    5646.0000, 5878.0000, 6036.0000, 6261.0000,
  ]


### EPISODE
#### draw_rate_100
  Points: 34
  Min: 0.0000, Max: 0.0100, Mean: 0.0006
  Data: [
    0.0000, 0.0000, 0.0000, 0.0000, 0.0000, 0.0100, 0.0100, 0.0000, 0.0000, 0.0000,
    0.0000, 0.0000, 0.0000, 0.0000, 0.0000, 0.0000, 0.0000, 0.0000, 0.0000, 0.0000,
    0.0000, 0.0000, 0.0000, 0.0000, 0.0000, 0.0000, 0.0000, 0.0000, 0.0000, 0.0000,
    0.0000, 0.0000, 0.0000, 0.0000,
  ]

#### length_max
  Points: 34
  Min: 133.0000, Max: 251.0000, Mean: 247.5294
  Data: [
    133.0000, 251.0000, 251.0000, 251.0000, 251.0000, 251.0000, 251.0000, 251.0000, 251.0000, 251.0000,
    251.0000, 251.0000, 251.0000, 251.0000, 251.0000, 251.0000, 251.0000, 251.0000, 251.0000, 251.0000,
    251.0000, 251.0000, 251.0000, 251.0000, 251.0000, 251.0000, 251.0000, 251.0000, 251.0000, 251.0000,
    251.0000, 251.0000, 251.0000, 251.0000,
  ]

#### length_mean
  Points: 34
  Min: 56.2800, Max: 133.0000, Mean: 72.8144
  Data: [
    133.0000, 81.8300, 81.8600, 68.5000, 77.3400, 78.6100, 68.8400, 56.2800, 72.4300, 66.9000,
    68.9600, 64.8000, 74.1500, 80.8500, 85.8200, 69.7300, 62.4600, 71.1600, 67.1300, 77.7300,
    75.3300, 64.0700, 73.0000, 69.2900, 70.1500, 79.8800, 79.5700, 70.5700, 70.2700, 56.4800,
    64.3600, 62.0800, 64.1700, 68.0900,
  ]

#### length_min
  Points: 34
  Min: 19.0000, Max: 133.0000, Mean: 25.2941
  Data: [
    133.0000, 25.0000, 24.0000, 25.0000, 25.0000, 25.0000, 23.0000, 21.0000, 21.0000, 23.0000,
    21.0000, 23.0000, 21.0000, 22.0000, 21.0000, 20.0000, 23.0000, 24.0000, 23.0000, 22.0000,
    22.0000, 22.0000, 22.0000, 19.0000, 22.0000, 21.0000, 23.0000, 21.0000, 21.0000, 21.0000,
    21.0000, 19.0000, 21.0000, 20.0000,
  ]

#### length_std
  Points: 34
  Min: 0.0000, Max: 72.1712, Mean: 57.9236
  Data: [
    0.0000, 62.2535, 63.4703, 47.7224, 63.3751, 62.7205, 59.7092, 41.7557, 58.7012, 54.7058,
    62.8172, 56.9412, 66.7336, 67.6546, 72.1712, 58.0815, 54.7941, 64.6478, 55.3804, 60.2184,
    67.5217, 57.8447, 63.1305, 56.9579, 56.6950, 69.6792, 68.8069, 58.6123, 58.5756, 46.7458,
    53.2555, 54.2202, 61.7395, 61.7631,
  ]

#### reward_mean
  Points: 34
  Min: 5.0243, Max: 9.1593, Mean: 6.4185
  Data: [
    9.1593, 6.3875, 6.1872, 6.8426, 5.6341, 7.0056, 7.4406, 7.1661, 6.4727, 6.8225,
    6.1134, 5.8555, 6.0888, 6.5798, 6.0381, 6.0075, 6.7173, 6.2561, 7.0231, 6.5007,
    6.2095, 5.4672, 5.7721, 5.6423, 5.4461, 5.0243, 7.2686, 6.1139, 5.3837, 6.2601,
    6.1819, 7.0742, 7.1247, 6.9610,
  ]

#### reward_std
  Points: 34
  Min: 0.0000, Max: 8.0878, Mean: 6.8055
  Data: [
    0.0000, 6.8404, 7.3171, 6.7837, 7.6127, 6.2443, 5.7505, 6.3660, 6.9281, 6.6159,
    7.0780, 7.4920, 7.1109, 6.4852, 6.9838, 7.4634, 6.7019, 7.1380, 6.2853, 6.9759,
    7.0057, 7.9224, 7.5858, 7.6992, 7.8269, 8.0878, 5.4900, 7.7115, 8.0749, 7.3829,
    7.4572, 6.3016, 6.1547, 6.5117,
  ]

#### win_rate_100
  Points: 34
  Min: 0.7700, Max: 1.0000, Mean: 0.8471
  Data: [
    1.0000, 0.8500, 0.8500, 0.8800, 0.8000, 0.8900, 0.9000, 0.8900, 0.8500, 0.8600,
    0.8200, 0.8100, 0.8100, 0.8500, 0.8100, 0.8300, 0.8600, 0.8400, 0.8700, 0.8600,
    0.8300, 0.8000, 0.8100, 0.8200, 0.8000, 0.7700, 0.8700, 0.8400, 0.8100, 0.8400,
    0.8400, 0.8800, 0.8800, 0.8800,
  ]


### TIME
#### elapsed_hours
  Points: 34
  Min: 0.0030, Max: 21.0880, Mean: 10.6054
  Data: [
    0.0030, 0.6341, 1.2787, 1.8502, 2.5673, 3.3406, 3.9420, 4.5258, 5.0160, 5.9330,
    6.6163, 7.3252, 7.8902, 8.4272, 9.0312, 9.8493, 10.3299, 10.9842, 11.3754, 12.1662,
    12.7657, 13.5345, 14.1888, 14.7936, 15.3616, 16.0755, 16.4755, 17.2592, 17.9991, 18.6735,
    19.1007, 19.8374, 20.3451, 21.0880,
  ]

#### episodes_per_hour
  Points: 34
  Min: 898.9014, Max: 3857240.2024, Mean: 115951.6787
  Data: [
    3857240.2024, 18524.0188, 9358.2760, 6575.5861, 4836.1467, 3797.5631, 3273.9870, 2898.0573, 2650.6954, 2294.9552,
    2094.2085, 1925.6745, 1813.1264, 1720.1517, 1628.3498, 1522.5464, 1468.1589, 1401.6529, 1365.7585, 1299.9914,
    1255.3952, 1204.0371, 1164.7193, 1131.3023, 1102.4927, 1069.0782, 1051.6236, 1020.0955, 992.6066, 969.6113,
    955.7742, 933.3870, 918.9442, 898.9014,
  ]

#### gradient_steps_per_second
  Points: 34
  Min: 6.2766, Max: 33243.9415, Mean: 997.9158
  Data: [
    33243.9415, 158.2026, 79.2187, 55.2283, 40.2337, 31.2802, 26.7559, 23.5107, 21.3723, 18.3089,
    16.5792, 15.1264, 14.1559, 13.3542, 12.5643, 11.6516, 11.1826, 10.6096, 10.2995, 9.7322,
    9.3483, 8.9060, 8.5673, 8.2802, 8.0319, 7.7443, 7.5940, 7.3213, 7.0846, 6.8858,
    6.7667, 6.5737, 6.4489, 6.2766,
  ]

#### steps_per_second
  Points: 34
  Min: 19.4990, Max: 87756.5465, Mean: 2637.4025
  Data: [
    87756.5465, 421.2127, 212.8483, 149.4959, 109.8720, 86.2769, 74.2186, 65.4579, 59.7546, 51.6091,
    46.9707, 43.0951, 40.5120, 38.4169, 36.3984, 33.9284, 32.6704, 31.1724, 30.3322, 28.8449,
    27.8198, 26.6181, 25.7167, 24.9385, 24.2628, 23.5219, 23.1338, 22.4102, 21.7611, 21.2146,
    20.8722, 20.3147, 19.9689, 19.4990,
  ]


### EVAL
#### combined_win_rate
  Points: 15
  Min: 0.9250, Max: 1.0000, Mean: 0.9683
  Data: [
    0.9500, 0.9250, 0.9750, 0.9750, 1.0000, 0.9500, 0.9750, 0.9750, 1.0000, 1.0000,
    0.9500, 0.9250, 0.9750, 1.0000, 0.9500,
  ]

#### gif_strong
  Points: 15
  Error: float() argument must be a string or a real number, not 'dict'

#### gif_weak
  Points: 15
  Error: float() argument must be a string or a real number, not 'dict'

#### strong_draws
  Points: 15
  Min: 0.0000, Max: 1.0000, Mean: 0.1333
  Data: [
    0.0000, 0.0000, 1.0000, 1.0000, 0.0000, 0.0000, 0.0000, 0.0000, 0.0000, 0.0000,
    0.0000, 0.0000, 0.0000, 0.0000, 0.0000,
  ]

#### strong_losses
  Points: 15
  Min: 0.0000, Max: 2.0000, Mean: 0.5333
  Data: [
    1.0000, 2.0000, 0.0000, 0.0000, 0.0000, 1.0000, 1.0000, 0.0000, 0.0000, 0.0000,
    0.0000, 2.0000, 0.0000, 0.0000, 1.0000,
  ]

#### strong_mean_reward
  Points: 15
  Min: 7.1545, Max: 9.5648, Mean: 8.7366
  Data: [
    8.2600, 7.1545, 8.8751, 8.7732, 9.4615, 8.3924, 8.3760, 9.5648, 9.5498, 9.1283,
    9.3352, 7.3414, 9.2947, 9.3513, 8.1909,
  ]

#### strong_win_rate
  Points: 15
  Min: 0.9000, Max: 1.0000, Mean: 0.9667
  Data: [
    0.9500, 0.9000, 0.9500, 0.9500, 1.0000, 0.9500, 0.9500, 1.0000, 1.0000, 1.0000,
    1.0000, 0.9000, 1.0000, 1.0000, 0.9500,
  ]

#### strong_wins
  Points: 15
  Min: 18.0000, Max: 20.0000, Mean: 19.3333
  Data: [
    19.0000, 18.0000, 19.0000, 19.0000, 20.0000, 19.0000, 19.0000, 20.0000, 20.0000, 20.0000,
    20.0000, 18.0000, 20.0000, 20.0000, 19.0000,
  ]

#### weak_draws
  Points: 15
  Min: 0.0000, Max: 2.0000, Mean: 0.2667
  Data: [
    1.0000, 0.0000, 0.0000, 0.0000, 0.0000, 0.0000, 0.0000, 0.0000, 0.0000, 0.0000,
    2.0000, 0.0000, 0.0000, 0.0000, 1.0000,
  ]

#### weak_losses
  Points: 15
  Min: 0.0000, Max: 1.0000, Mean: 0.3333
  Data: [
    0.0000, 1.0000, 0.0000, 0.0000, 0.0000, 1.0000, 0.0000, 1.0000, 0.0000, 0.0000,
    0.0000, 1.0000, 1.0000, 0.0000, 0.0000,
  ]

#### weak_mean_reward
  Points: 15
  Min: 8.3548, Max: 9.6009, Mean: 8.9981
  Data: [
    8.9679, 8.4682, 9.4222, 9.5596, 9.6009, 8.5776, 9.4296, 8.4770, 9.3019, 9.5846,
    8.3868, 8.3548, 8.4330, 9.5683, 8.8396,
  ]

#### weak_win_rate
  Points: 15
  Min: 0.9000, Max: 1.0000, Mean: 0.9700
  Data: [
    0.9500, 0.9500, 1.0000, 1.0000, 1.0000, 0.9500, 1.0000, 0.9500, 1.0000, 1.0000,
    0.9000, 0.9500, 0.9500, 1.0000, 0.9500,
  ]

#### weak_wins
  Points: 15
  Min: 18.0000, Max: 20.0000, Mean: 19.4000
  Data: [
    19.0000, 19.0000, 20.0000, 20.0000, 20.0000, 19.0000, 20.0000, 19.0000, 20.0000, 20.0000,
    18.0000, 19.0000, 19.0000, 20.0000, 19.0000,
  ]


### SELFPLAY
#### active
  Points: 34
  Min: 1.0000, Max: 1.0000, Mean: 1.0000
  Data: [
    1.0000, 1.0000, 1.0000, 1.0000, 1.0000, 1.0000, 1.0000, 1.0000, 1.0000, 1.0000,
    1.0000, 1.0000, 1.0000, 1.0000, 1.0000, 1.0000, 1.0000, 1.0000, 1.0000, 1.0000,
    1.0000, 1.0000, 1.0000, 1.0000, 1.0000, 1.0000, 1.0000, 1.0000, 1.0000, 1.0000,
    1.0000, 1.0000, 1.0000, 1.0000,
  ]

#### anchor_ratio_actual
  Points: 34
  Min: 0.6018, Max: 1.0000, Mean: 0.6524
  Data: [
    1.0000, 0.6018, 0.6190, 0.6427, 0.6476, 0.6529, 0.6416, 0.6392, 0.6431, 0.6447,
    0.6456, 0.6482, 0.6462, 0.6442, 0.6416, 0.6422, 0.6424, 0.6432, 0.6440, 0.6460,
    0.6467, 0.6439, 0.6409, 0.6400, 0.6407, 0.6407, 0.6420, 0.6417, 0.6433, 0.6440,
    0.6442, 0.6460, 0.6461, 0.6450,
  ]

#### anchor_strong_count
  Points: 34
  Min: 0.0000, Max: 2396.0000, Mean: 1201.7353
  Data: [
    0.0000, 66.0000, 137.0000, 206.0000, 288.0000, 379.0000, 443.0000, 509.0000, 570.0000, 674.0000,
    753.0000, 836.0000, 898.0000, 957.0000, 1020.0000, 1114.0000, 1169.0000, 1245.0000, 1291.0000, 1386.0000,
    1455.0000, 1536.0000, 1602.0000, 1667.0000, 1734.0000, 1814.0000, 1862.0000, 1951.0000, 2039.0000, 2119.0000,
    2168.0000, 2258.0000, 2317.0000, 2396.0000,
  ]

#### anchor_weak_count
  Points: 34
  Min: 1.0000, Max: 2397.0000, Mean: 1201.9412
  Data: [
    1.0000, 67.0000, 136.0000, 206.0000, 289.0000, 379.0000, 443.0000, 508.0000, 569.0000, 674.0000,
    752.0000, 837.0000, 899.0000, 957.0000, 1021.0000, 1115.0000, 1170.0000, 1245.0000, 1292.0000, 1386.0000,
    1456.0000, 1536.0000, 1603.0000, 1668.0000, 1733.0000, 1813.0000, 1862.0000, 1951.0000, 2040.0000, 2119.0000,
    2168.0000, 2258.0000, 2316.0000, 2397.0000,
  ]

#### anchor_weak_ratio
  Points: 34
  Min: 0.4982, Max: 1.0000, Mean: 0.5148
  Data: [
    1.0000, 0.5038, 0.4982, 0.5000, 0.5009, 0.5000, 0.5000, 0.4995, 0.4996, 0.5000,
    0.4997, 0.5003, 0.5003, 0.5000, 0.5002, 0.5002, 0.5002, 0.5000, 0.5002, 0.5000,
    0.5002, 0.5000, 0.5002, 0.5001, 0.4999, 0.4999, 0.5000, 0.5000, 0.5001, 0.5000,
    0.5000, 0.5000, 0.4999, 0.5001,
  ]

#### current_opponent_episode
  Points: 34
  Min: 11525.0000, Max: 18000.0000, Mean: 13495.5882
  Data: [
    11525.0000, 11525.0000, 11750.0000, 11525.0000, 11750.0000, 12500.0000, 11750.0000, 13000.0000, 13000.0000, 12750.0000,
    11750.0000, 13000.0000, 12750.0000, 11750.0000, 14250.0000, 13750.0000, 14000.0000, 13500.0000, 12250.0000, 15000.0000,
    14500.0000, 13000.0000, 11750.0000, 14500.0000, 11525.0000, 17000.0000, 13750.0000, 14500.0000, 16500.0000, 18000.0000,
    12750.0000, 16250.0000, 17000.0000, 14750.0000,
  ]

#### current_opponent_idx
  Points: 34
  Min: 0.0000, Max: 26.0000, Mean: 7.9706
  Data: [
    0.0000, 0.0000, 1.0000, 0.0000, 1.0000, 4.0000, 1.0000, 6.0000, 6.0000, 5.0000,
    1.0000, 6.0000, 5.0000, 1.0000, 11.0000, 9.0000, 10.0000, 8.0000, 3.0000, 14.0000,
    12.0000, 6.0000, 1.0000, 12.0000, 0.0000, 22.0000, 9.0000, 12.0000, 20.0000, 26.0000,
    5.0000, 19.0000, 22.0000, 13.0000,
  ]

#### episodes_since_activation
  Points: 34
  Min: 1.0000, Max: 7431.0000, Mean: 3735.4118
  Data: [
    1.0000, 221.0000, 441.0000, 641.0000, 891.0000, 1161.0000, 1381.0000, 1591.0000, 1771.0000, 2091.0000,
    2331.0000, 2581.0000, 2781.0000, 2971.0000, 3181.0000, 3471.0000, 3641.0000, 3871.0000, 4011.0000, 4291.0000,
    4501.0000, 4771.0000, 5001.0000, 5211.0000, 5411.0000, 5661.0000, 5801.0000, 6081.0000, 6341.0000, 6581.0000,
    6731.0000, 6991.0000, 7171.0000, 7431.0000,
  ]

#### newest_opponent_episode
  Points: 34
  Min: 11525.0000, Max: 18750.0000, Mean: 15133.8235
  Data: [
    11525.0000, 11525.0000, 11750.0000, 12000.0000, 12250.0000, 12500.0000, 12750.0000, 13000.0000, 13250.0000, 13500.0000,
    13750.0000, 14000.0000, 14250.0000, 14250.0000, 14500.0000, 14750.0000, 15000.0000, 15250.0000, 15500.0000, 15750.0000,
    16000.0000, 16250.0000, 16500.0000, 16500.0000, 16750.0000, 17000.0000, 17250.0000, 17500.0000, 17750.0000, 18000.0000,
    18250.0000, 18500.0000, 18500.0000, 18750.0000,
  ]

#### oldest_opponent_episode
  Points: 34
  Min: 11525.0000, Max: 11525.0000, Mean: 11525.0000
  Data: [
    11525.0000, 11525.0000, 11525.0000, 11525.0000, 11525.0000, 11525.0000, 11525.0000, 11525.0000, 11525.0000, 11525.0000,
    11525.0000, 11525.0000, 11525.0000, 11525.0000, 11525.0000, 11525.0000, 11525.0000, 11525.0000, 11525.0000, 11525.0000,
    11525.0000, 11525.0000, 11525.0000, 11525.0000, 11525.0000, 11525.0000, 11525.0000, 11525.0000, 11525.0000, 11525.0000,
    11525.0000, 11525.0000, 11525.0000, 11525.0000,
  ]

#### pfsp_avg_winrate
  Points: 34
  Min: 0.4056, Max: 0.6822, Mean: 0.5874
  Data: [
    0.5000, 0.4056, 0.5873, 0.5818, 0.5837, 0.5563, 0.6822, 0.6721, 0.6576, 0.6312,
    0.5917, 0.5331, 0.5187, 0.5335, 0.5820, 0.5592, 0.5808, 0.5519, 0.5504, 0.5824,
    0.5974, 0.6141, 0.6018, 0.6023, 0.6159, 0.6172, 0.6204, 0.6111, 0.6010, 0.5929,
    0.6001, 0.6049, 0.6132, 0.6374,
  ]

#### pfsp_max_winrate
  Points: 34
  Min: 0.5000, Max: 1.0000, Mean: 0.8815
  Data: [
    0.5000, 0.7000, 0.7600, 0.7700, 0.7500, 0.7800, 1.0000, 0.8333, 0.9167, 0.8667,
    0.8500, 0.8000, 0.7941, 0.8000, 0.8100, 0.8400, 0.8400, 0.8400, 0.8400, 0.8400,
    0.8400, 1.0000, 1.0000, 1.0000, 1.0000, 1.0000, 1.0000, 1.0000, 1.0000, 1.0000,
    1.0000, 1.0000, 1.0000, 1.0000,
  ]

#### pfsp_min_winrate
  Points: 34
  Min: 0.0000, Max: 0.5208, Mean: 0.2816
  Data: [
    0.5000, 0.1111, 0.4146, 0.4754, 0.5208, 0.2353, 0.3750, 0.5116, 0.5000, 0.3636,
    0.1429, 0.0000, 0.0000, 0.0000, 0.0769, 0.2000, 0.1818, 0.2000, 0.1429, 0.3103,
    0.3333, 0.3333, 0.2500, 0.3000, 0.3800, 0.3529, 0.3684, 0.3636, 0.3333, 0.2500,
    0.3077, 0.2667, 0.2353, 0.2381,
  ]

#### pfsp_num_tracked
  Points: 34
  Min: 1.0000, Max: 30.0000, Mean: 15.3529
  Data: [
    1.0000, 2.0000, 2.0000, 3.0000, 4.0000, 5.0000, 6.0000, 7.0000, 8.0000, 9.0000,
    10.0000, 11.0000, 12.0000, 12.0000, 13.0000, 14.0000, 15.0000, 16.0000, 16.0000, 18.0000,
    18.0000, 19.0000, 20.0000, 21.0000, 22.0000, 23.0000, 23.0000, 25.0000, 26.0000, 27.0000,
    27.0000, 28.0000, 29.0000, 30.0000,
  ]

#### pfsp_std_winrate
  Points: 34
  Min: 0.0000, Max: 0.2944, Mean: 0.1780
  Data: [
    0.0000, 0.2944, 0.1727, 0.1335, 0.0964, 0.1771, 0.1893, 0.1048, 0.1307, 0.1554,
    0.1973, 0.2617, 0.2704, 0.2735, 0.2138, 0.2065, 0.1945, 0.2041, 0.2124, 0.1716,
    0.1671, 0.1812, 0.1846, 0.1781, 0.1669, 0.1625, 0.1586, 0.1577, 0.1736, 0.1840,
    0.1637, 0.1681, 0.1723, 0.1745,
  ]

#### pool_size
  Points: 34
  Min: 1.0000, Max: 30.0000, Mean: 15.5294
  Data: [
    1.0000, 1.0000, 2.0000, 3.0000, 4.0000, 5.0000, 6.0000, 7.0000, 8.0000, 9.0000,
    10.0000, 11.0000, 12.0000, 12.0000, 13.0000, 14.0000, 15.0000, 16.0000, 17.0000, 18.0000,
    19.0000, 20.0000, 21.0000, 21.0000, 22.0000, 23.0000, 24.0000, 25.0000, 26.0000, 27.0000,
    28.0000, 29.0000, 29.0000, 30.0000,
  ]

#### selfplay_count
  Points: 34
  Min: 0.0000, Max: 2638.0000, Mean: 1331.7353
  Data: [
    0.0000, 88.0000, 168.0000, 229.0000, 314.0000, 403.0000, 495.0000, 574.0000, 632.0000, 743.0000,
    826.0000, 908.0000, 984.0000, 1057.0000, 1140.0000, 1242.0000, 1302.0000, 1381.0000, 1428.0000, 1519.0000,
    1590.0000, 1699.0000, 1796.0000, 1876.0000, 1944.0000, 2034.0000, 2077.0000, 2179.0000, 2262.0000, 2343.0000,
    2395.0000, 2475.0000, 2538.0000, 2638.0000,
  ]

#### selfplay_ratio_actual
  Points: 34
  Min: 0.0000, Max: 0.3982, Mean: 0.3476
  Data: [
    0.0000, 0.3982, 0.3810, 0.3573, 0.3524, 0.3471, 0.3584, 0.3608, 0.3569, 0.3553,
    0.3544, 0.3518, 0.3538, 0.3558, 0.3584, 0.3578, 0.3576, 0.3568, 0.3560, 0.3540,
    0.3533, 0.3561, 0.3591, 0.3600, 0.3593, 0.3593, 0.3580, 0.3583, 0.3567, 0.3560,
    0.3558, 0.3540, 0.3539, 0.3550,
  ]

#### weak_ratio_target
  Points: 34
  Min: 0.6500, Max: 0.6500, Mean: 0.6500
  Data: [
    0.6500, 0.6500, 0.6500, 0.6500, 0.6500, 0.6500, 0.6500, 0.6500, 0.6500, 0.6500,
    0.6500, 0.6500, 0.6500, 0.6500, 0.6500, 0.6500, 0.6500, 0.6500, 0.6500, 0.6500,
    0.6500, 0.6500, 0.6500, 0.6500, 0.6500, 0.6500, 0.6500, 0.6500, 0.6500, 0.6500,
    0.6500, 0.6500, 0.6500, 0.6500,
  ]

#### winrate_middle_third
  Points: 33
  Min: 0.2000, Max: 0.7150, Mean: 0.5784
  Data: [
    0.2000, 0.3514, 0.4737, 0.4750, 0.5088, 0.6090, 0.6284, 0.6450, 0.6850, 0.6950,
    0.7150, 0.7000, 0.6800, 0.6150, 0.6250, 0.6000, 0.5900, 0.5850, 0.5650, 0.5750,
    0.5700, 0.5900, 0.5850, 0.5750, 0.5750, 0.5750, 0.5850, 0.5700, 0.5650, 0.5800,
    0.5800, 0.6000, 0.6150,
  ]

#### winrate_newest_third
  Points: 32
  Min: 0.4050, Max: 0.5556, Mean: 0.4906
  Data: [
    0.5556, 0.5000, 0.5094, 0.4658, 0.5054, 0.5221, 0.5221, 0.5196, 0.5100, 0.4800,
    0.4400, 0.4350, 0.4500, 0.4100, 0.4200, 0.4050, 0.4050, 0.4350, 0.4850, 0.4850,
    0.4950, 0.4700, 0.5150, 0.5250, 0.5350, 0.5250, 0.5050, 0.5050, 0.5200, 0.5400,
    0.5500, 0.5550,
  ]

#### winrate_oldest_third
  Points: 34
  Min: 0.5000, Max: 0.8350, Mean: 0.7854
  Data: [
    0.5000, 0.6731, 0.7206, 0.7261, 0.7100, 0.7400, 0.7350, 0.7600, 0.7600, 0.7650,
    0.7600, 0.7900, 0.7900, 0.8150, 0.8150, 0.8350, 0.8350, 0.8250, 0.8250, 0.8300,
    0.8200, 0.8350, 0.8350, 0.8350, 0.8300, 0.8300, 0.8200, 0.8150, 0.8000, 0.8250,
    0.8250, 0.8150, 0.8150, 0.7950,
  ]

#### winrate_vs_pool_overall
  Points: 34
  Min: 0.5000, Max: 0.6720, Mean: 0.6261
  Data: [
    0.5000, 0.6283, 0.6497, 0.6405, 0.6243, 0.6294, 0.6480, 0.6560, 0.6660, 0.6720,
    0.6720, 0.6640, 0.6440, 0.6400, 0.6320, 0.6160, 0.6180, 0.6100, 0.6000, 0.6060,
    0.6020, 0.6020, 0.6040, 0.6140, 0.6360, 0.6300, 0.6280, 0.6240, 0.6100, 0.6080,
    0.6160, 0.6160, 0.6300, 0.6520,
  ]


### WORLD
#### continue_actual_mean
  Points: 34
  Min: 0.9758, Max: 0.9940, Mean: 0.9861
  Data: [
    0.9758, 0.9819, 0.9859, 0.9899, 0.9869, 0.9839, 0.9849, 0.9869, 0.9839, 0.9919,
    0.9869, 0.9909, 0.9839, 0.9879, 0.9869, 0.9909, 0.9899, 0.9869, 0.9849, 0.9879,
    0.9808, 0.9859, 0.9879, 0.9839, 0.9849, 0.9869, 0.9899, 0.9798, 0.9808, 0.9899,
    0.9849, 0.9940, 0.9879, 0.9808,
  ]

#### continue_loss
  Points: 34
  Min: 0.0001, Max: 0.0224, Mean: 0.0029
  Data: [
    0.0224, 0.0002, 0.0005, 0.0003, 0.0131, 0.0002, 0.0015, 0.0001, 0.0019, 0.0001,
    0.0002, 0.0013, 0.0009, 0.0009, 0.0084, 0.0001, 0.0023, 0.0028, 0.0005, 0.0063,
    0.0009, 0.0004, 0.0159, 0.0006, 0.0030, 0.0035, 0.0004, 0.0005, 0.0017, 0.0002,
    0.0043, 0.0001, 0.0009, 0.0032,
  ]

#### continue_pred_mean
  Points: 34
  Min: 0.9779, Max: 0.9939, Mean: 0.9860
  Data: [
    0.9779, 0.9817, 0.9856, 0.9899, 0.9846, 0.9837, 0.9840, 0.9868, 0.9830, 0.9919,
    0.9867, 0.9900, 0.9843, 0.9884, 0.9880, 0.9908, 0.9891, 0.9883, 0.9848, 0.9864,
    0.9807, 0.9856, 0.9885, 0.9833, 0.9857, 0.9874, 0.9896, 0.9795, 0.9817, 0.9898,
    0.9842, 0.9939, 0.9872, 0.9824,
  ]

#### kl_loss
  Points: 34
  Min: 2.6679, Max: 4.0228, Mean: 3.4860
  Data: [
    2.6679, 2.7574, 3.5531, 3.4950, 3.9407, 2.9883, 3.2867, 3.2666, 3.6264, 3.1724,
    3.3901, 3.1102, 3.1628, 3.8042, 3.8120, 3.5446, 3.1706, 3.6855, 3.4571, 3.8892,
    3.4740, 3.8801, 3.6133, 4.0228, 3.4949, 3.5999, 3.7775, 3.5475, 3.6719, 3.4618,
    3.5890, 3.5103, 3.5405, 3.5588,
  ]

#### latent_entropy
  Points: 34
  Min: 1.4027, Max: 1.4818, Mean: 1.4443
  Data: [
    1.4665, 1.4342, 1.4294, 1.4440, 1.4027, 1.4427, 1.4351, 1.4322, 1.4181, 1.4650,
    1.4396, 1.4574, 1.4486, 1.4401, 1.4489, 1.4389, 1.4591, 1.4435, 1.4315, 1.4510,
    1.4337, 1.4146, 1.4508, 1.4169, 1.4533, 1.4465, 1.4727, 1.4064, 1.4543, 1.4711,
    1.4465, 1.4746, 1.4818, 1.4534,
  ]

#### loss
  Points: 34
  Min: 19.6982, Max: 21.3849, Mean: 20.5870
  Data: [
    19.6982, 19.8037, 20.6855, 20.5587, 21.3849, 20.0115, 20.4053, 20.2908, 20.7057, 20.1669,
    20.4364, 20.2072, 20.2635, 20.9041, 20.8985, 20.6311, 20.3043, 20.7547, 20.5448, 21.0781,
    20.5419, 21.0096, 20.7061, 21.1281, 20.6089, 20.7038, 20.9119, 20.6154, 20.7650, 20.5274,
    20.7634, 20.5823, 20.6828, 20.6783,
  ]

#### prior_posterior_kl
  Points: 34
  Min: 0.2120, Max: 0.2905, Mean: 0.2595
  Data: [
    0.2120, 0.2174, 0.2633, 0.2603, 0.2860, 0.2314, 0.2481, 0.2469, 0.2674, 0.2417,
    0.2537, 0.2383, 0.2410, 0.2778, 0.2781, 0.2632, 0.2411, 0.2712, 0.2579, 0.2827,
    0.2584, 0.2819, 0.2668, 0.2905, 0.2596, 0.2657, 0.2762, 0.2630, 0.2696, 0.2583,
    0.2653, 0.2611, 0.2626, 0.2636,
  ]

#### recon_error_max
  Points: 34
  Min: 0.3116, Max: 1.4593, Mean: 0.6488
  Data: [
    0.7832, 0.5411, 0.5804, 0.8694, 0.3954, 0.4039, 0.6623, 0.6071, 0.7745, 0.4108,
    1.3391, 1.2243, 0.3116, 0.4670, 0.5622, 0.5846, 0.6975, 0.5487, 0.3170, 0.5784,
    0.3518, 0.6956, 0.6173, 0.6938, 0.5224, 0.9382, 0.6923, 0.7155, 0.6818, 0.6724,
    1.4593, 0.3715, 0.5668, 0.4227,
  ]

#### recon_error_mean
  Points: 34
  Min: 0.0237, Max: 0.0328, Mean: 0.0283
  Data: [
    0.0237, 0.0244, 0.0328, 0.0285, 0.0298, 0.0243, 0.0288, 0.0267, 0.0298, 0.0243,
    0.0274, 0.0269, 0.0259, 0.0308, 0.0306, 0.0321, 0.0271, 0.0294, 0.0284, 0.0291,
    0.0265, 0.0308, 0.0283, 0.0306, 0.0267, 0.0306, 0.0322, 0.0260, 0.0282, 0.0273,
    0.0300, 0.0298, 0.0300, 0.0263,
  ]

#### recon_error_std
  Points: 34
  Min: 0.0333, Max: 0.0754, Mean: 0.0444
  Data: [
    0.0488, 0.0407, 0.0471, 0.0473, 0.0389, 0.0363, 0.0505, 0.0386, 0.0469, 0.0333,
    0.0565, 0.0523, 0.0350, 0.0412, 0.0442, 0.0507, 0.0441, 0.0398, 0.0381, 0.0441,
    0.0375, 0.0439, 0.0452, 0.0435, 0.0391, 0.0667, 0.0436, 0.0357, 0.0426, 0.0380,
    0.0754, 0.0409, 0.0462, 0.0378,
  ]

#### recon_loss
  Points: 34
  Min: 16.7541, Max: 16.8362, Mean: 16.7960
  Data: [
    16.7541, 16.7605, 16.8362, 16.7974, 16.8089, 16.7593, 16.8005, 16.7808, 16.8089, 16.7595,
    16.7871, 16.7826, 16.7744, 16.8183, 16.8166, 16.8297, 16.7848, 16.8051, 16.7965, 16.8028,
    16.7795, 16.8181, 16.7954, 16.8160, 16.7809, 16.8160, 16.8305, 16.7753, 16.7949, 16.7864,
    16.8109, 16.8090, 16.8112, 16.7772,
  ]

#### reward_actual_mean
  Points: 34
  Min: 0.0049, Max: 0.1019, Mean: 0.0345
  Data: [
    0.1019, 0.0538, 0.0244, 0.0157, 0.0049, 0.0558, 0.0292, 0.0281, 0.0647, 0.0292,
    0.0299, 0.0201, 0.0425, 0.0280, 0.0305, 0.0224, 0.0145, 0.0393, 0.0370, 0.0320,
    0.0550, 0.0217, 0.0417, 0.0300, 0.0414, 0.0264, 0.0065, 0.0411, 0.0356, 0.0189,
    0.0537, 0.0086, 0.0378, 0.0503,
  ]

#### reward_loss
  Points: 34
  Min: 0.2349, Max: 0.6222, Mean: 0.3021
  Data: [
    0.2538, 0.2856, 0.2957, 0.2660, 0.6222, 0.2637, 0.3166, 0.2433, 0.2685, 0.2349,
    0.2589, 0.3131, 0.3253, 0.2807, 0.2615, 0.2566, 0.3466, 0.2613, 0.2909, 0.3798,
    0.2874, 0.3109, 0.2815, 0.2887, 0.3301, 0.2844, 0.3034, 0.2923, 0.2965, 0.2790,
    0.3592, 0.2630, 0.3302, 0.3390,
  ]

#### reward_pred_error_mean
  Points: 34
  Min: 0.0057, Max: 0.0164, Mean: 0.0099
  Data: [
    0.0091, 0.0079, 0.0093, 0.0085, 0.0126, 0.0065, 0.0104, 0.0076, 0.0138, 0.0060,
    0.0089, 0.0090, 0.0107, 0.0086, 0.0086, 0.0114, 0.0093, 0.0057, 0.0091, 0.0141,
    0.0143, 0.0125, 0.0107, 0.0164, 0.0107, 0.0110, 0.0117, 0.0080, 0.0113, 0.0080,
    0.0100, 0.0064, 0.0076, 0.0120,
  ]

#### reward_pred_error_std
  Points: 34
  Min: 0.0283, Max: 0.1000, Mean: 0.0549
  Data: [
    0.0677, 0.0391, 0.0506, 0.0505, 0.0792, 0.0351, 0.0498, 0.0482, 0.0924, 0.0347,
    0.0483, 0.0415, 0.0665, 0.0311, 0.0518, 0.0692, 0.0517, 0.0283, 0.0415, 0.0811,
    0.0817, 0.0496, 0.0522, 0.1000, 0.0622, 0.0641, 0.0503, 0.0311, 0.0572, 0.0445,
    0.0662, 0.0354, 0.0490, 0.0647,
  ]

#### reward_pred_mean
  Points: 34
  Min: 0.0003, Max: 0.1053, Mean: 0.0366
  Data: [
    0.1053, 0.0551, 0.0298, 0.0202, 0.0003, 0.0590, 0.0372, 0.0303, 0.0688, 0.0325,
    0.0337, 0.0236, 0.0421, 0.0279, 0.0330, 0.0261, 0.0140, 0.0379, 0.0413, 0.0326,
    0.0600, 0.0240, 0.0428, 0.0291, 0.0404, 0.0250, 0.0108, 0.0436, 0.0365, 0.0225,
    0.0586, 0.0116, 0.0370, 0.0513,
  ]


### BEHAVIOR
#### actor_loss
  Points: 34
  Min: -0.0105, Max: 0.0100, Mean: 0.0014
  Data: [
    -0.0105, -0.0034, -0.0040, 0.0050, -0.0026, 0.0028, -0.0061, -0.0000, 0.0028, 0.0068,
    -0.0042, -0.0044, 0.0071, 0.0012, 0.0077, 0.0006, 0.0082, 0.0008, 0.0066, 0.0031,
    0.0030, 0.0034, 0.0061, -0.0068, -0.0012, 0.0031, 0.0100, -0.0007, 0.0050, -0.0049,
    0.0022, 0.0029, 0.0054, 0.0019,
  ]

#### actor_mean_abs
  Points: 34
  Min: 0.3173, Max: 0.3934, Mean: 0.3509
  Data: [
    0.3175, 0.3471, 0.3773, 0.3483, 0.3623, 0.3559, 0.3457, 0.3429, 0.3316, 0.3555,
    0.3645, 0.3934, 0.3717, 0.3842, 0.3426, 0.3592, 0.3572, 0.3491, 0.3356, 0.3298,
    0.3360, 0.3516, 0.3549, 0.3639, 0.3660, 0.3233, 0.3514, 0.3674, 0.3173, 0.3561,
    0.3449, 0.3490, 0.3429, 0.3346,
  ]

#### advantages_abs_mean
  Points: 34
  Min: 0.0541, Max: 0.2713, Mean: 0.0723
  Data: [
    0.2713, 0.0615, 0.0793, 0.0653, 0.0768, 0.0619, 0.0632, 0.0541, 0.0592, 0.0677,
    0.0725, 0.0737, 0.0731, 0.0722, 0.0629, 0.0701, 0.0733, 0.0563, 0.0585, 0.0654,
    0.0702, 0.0596, 0.0723, 0.0783, 0.0732, 0.0652, 0.0609, 0.0640, 0.0618, 0.0706,
    0.0584, 0.0598, 0.0599, 0.0661,
  ]

#### advantages_max
  Points: 34
  Min: 0.9190, Max: 8.1902, Mean: 1.5452
  Data: [
    8.1902, 1.7408, 1.2519, 1.0221, 1.3223, 2.2545, 1.1976, 1.7533, 1.5616, 1.1135,
    1.8370, 1.7012, 1.1489, 1.1874, 1.6605, 1.0494, 1.1399, 1.3711, 1.0287, 1.7924,
    1.1793, 1.2881, 1.2502, 1.2907, 1.0864, 1.5537, 1.0858, 1.0162, 0.9190, 1.6677,
    1.2568, 1.1626, 1.1281, 1.3271,
  ]

#### advantages_mean
  Points: 34
  Min: -0.0465, Max: 0.0133, Mean: 0.0030
  Data: [
    -0.0465, 0.0079, 0.0050, 0.0043, 0.0025, 0.0063, -0.0010, 0.0010, 0.0079, 0.0076,
    -0.0006, 0.0019, 0.0077, 0.0038, 0.0133, 0.0036, 0.0003, 0.0042, -0.0004, 0.0083,
    0.0013, 0.0043, -0.0028, 0.0133, 0.0009, 0.0059, -0.0026, 0.0074, 0.0090, 0.0048,
    0.0046, 0.0052, 0.0066, 0.0075,
  ]

#### advantages_min
  Points: 34
  Min: -11.9064, Max: -0.9964, Mean: -1.9026
  Data: [
    -11.9064, -1.9474, -1.3879, -1.5806, -1.8975, -1.8206, -1.8143, -1.2960, -1.8266, -1.7005,
    -1.7878, -1.7433, -1.5655, -1.2260, -1.4369, -2.0900, -1.4240, -1.0874, -1.7645, -1.4492,
    -1.4674, -2.3962, -1.3494, -1.7558, -1.2650, -1.6528, -1.9285, -1.2191, -1.3088, -1.7477,
    -0.9964, -2.0952, -1.4449, -1.3082,
  ]

#### advantages_std
  Points: 34
  Min: 0.1013, Max: 0.6593, Mean: 0.1499
  Data: [
    0.6593, 0.1406, 0.1582, 0.1279, 0.1571, 0.1229, 0.1330, 0.1095, 0.1254, 0.1327,
    0.1546, 0.1572, 0.1389, 0.1347, 0.1231, 0.1387, 0.1445, 0.1013, 0.1234, 0.1316,
    0.1459, 0.1309, 0.1493, 0.1607, 0.1400, 0.1347, 0.1376, 0.1177, 0.1214, 0.1486,
    0.1108, 0.1297, 0.1223, 0.1337,
  ]

#### critic_loss
  Points: 34
  Min: 0.6763, Max: 1.0988, Mean: 0.9900
  Data: [
    0.6763, 0.8077, 1.0359, 0.9613, 1.0402, 0.9352, 0.9337, 0.8257, 0.8721, 0.9396,
    0.9326, 0.9355, 0.9633, 1.0162, 0.9973, 1.0556, 1.0783, 1.0218, 0.9971, 1.0728,
    0.9997, 1.0040, 1.0565, 1.0613, 1.0402, 1.0307, 1.0732, 1.0731, 1.0558, 1.0988,
    1.0399, 0.9984, 1.0139, 1.0150,
  ]

#### entropy_max
  Points: 34
  Min: 7.6507, Max: 7.6741, Mean: 7.6689
  Data: [
    7.6724, 7.6737, 7.6507, 7.6662, 7.6693, 7.6628, 7.6700, 7.6670, 7.6694, 7.6643,
    7.6737, 7.6741, 7.6731, 7.6723, 7.6680, 7.6719, 7.6707, 7.6733, 7.6648, 7.6670,
    7.6736, 7.6662, 7.6668, 7.6636, 7.6678, 7.6660, 7.6632, 7.6706, 7.6726, 7.6713,
    7.6704, 7.6721, 7.6710, 7.6729,
  ]

#### entropy_mean
  Points: 34
  Min: 3.0120, Max: 3.9593, Mean: 3.4658
  Data: [
    3.9593, 3.4767, 3.0120, 3.0570, 3.3647, 3.3203, 3.5380, 3.7409, 3.8653, 3.6488,
    3.6403, 3.1572, 3.4192, 3.2390, 3.5405, 3.1160, 3.3921, 3.2139, 3.6158, 3.4958,
    3.6970, 3.3991, 3.7148, 3.5515, 3.3258, 3.6109, 3.3263, 3.4228, 3.8705, 3.2518,
    3.3930, 3.4358, 3.5252, 3.4987,
  ]

#### entropy_min
  Points: 34
  Min: 1.6758, Max: 1.6758, Mean: 1.6758
  Data: [
    1.6758, 1.6758, 1.6758, 1.6758, 1.6758, 1.6758, 1.6758, 1.6758, 1.6758, 1.6758,
    1.6758, 1.6758, 1.6758, 1.6758, 1.6758, 1.6758, 1.6758, 1.6758, 1.6758, 1.6758,
    1.6758, 1.6758, 1.6758, 1.6758, 1.6758, 1.6758, 1.6758, 1.6758, 1.6758, 1.6758,
    1.6758, 1.6758, 1.6758, 1.6758,
  ]

#### entropy_std
  Points: 34
  Min: 1.6420, Max: 2.2048, Mean: 1.9482
  Data: [
    2.2048, 2.0973, 1.6420, 1.7281, 1.8662, 1.8018, 2.1208, 2.1497, 2.0673, 1.9974,
    2.1284, 1.9262, 1.9844, 1.8193, 1.8545, 1.6612, 1.7962, 1.7760, 1.9173, 2.0590,
    2.1717, 1.8952, 2.0082, 1.9413, 1.9211, 2.0965, 1.8682, 1.9319, 2.1142, 1.8862,
    1.8091, 1.9231, 2.0854, 1.9877,
  ]

#### logprobs_mean
  Points: 34
  Min: -0.8979, Max: -0.5418, Mean: -0.7483
  Data: [
    -0.8710, -0.7405, -0.6350, -0.7308, -0.7281, -0.7118, -0.8224, -0.7926, -0.8615, -0.7470,
    -0.7085, -0.5418, -0.6894, -0.6157, -0.8308, -0.7202, -0.7289, -0.7407, -0.8007, -0.8431,
    -0.8369, -0.7517, -0.7691, -0.6983, -0.6716, -0.8640, -0.7209, -0.6451, -0.8979, -0.6876,
    -0.7475, -0.7509, -0.7491, -0.7914,
  ]

#### logprobs_std
  Points: 34
  Min: 1.5817, Max: 1.7180, Mean: 1.6665
  Data: [
    1.6840, 1.6588, 1.6712, 1.5817, 1.6308, 1.6455, 1.6393, 1.6616, 1.7093, 1.6853,
    1.7180, 1.7037, 1.6803, 1.6861, 1.6611, 1.6035, 1.6593, 1.6061, 1.6418, 1.6031,
    1.6982, 1.6604, 1.7069, 1.7150, 1.7004, 1.6732, 1.6568, 1.6862, 1.6784, 1.6472,
    1.6879, 1.6547, 1.6678, 1.6958,
  ]

#### mean_reg_loss
  Points: 34
  Min: 0.0020, Max: 0.0028, Mean: 0.0023
  Data: [
    0.0020, 0.0023, 0.0026, 0.0022, 0.0023, 0.0024, 0.0022, 0.0022, 0.0022, 0.0024,
    0.0025, 0.0028, 0.0025, 0.0026, 0.0022, 0.0023, 0.0024, 0.0022, 0.0021, 0.0020,
    0.0022, 0.0023, 0.0024, 0.0025, 0.0025, 0.0020, 0.0023, 0.0025, 0.0020, 0.0024,
    0.0023, 0.0023, 0.0022, 0.0022,
  ]


### VALUES
#### critic_slow_diff
  Points: 34
  Min: 0.0241, Max: 0.0921, Mean: 0.0465
  Data: [
    0.0300, 0.0301, 0.0326, 0.0654, 0.0551, 0.0264, 0.0471, 0.0241, 0.0278, 0.0292,
    0.0602, 0.0608, 0.0390, 0.0360, 0.0453, 0.0589, 0.0694, 0.0408, 0.0364, 0.0562,
    0.0707, 0.0400, 0.0325, 0.0615, 0.0387, 0.0921, 0.0392, 0.0394, 0.0427, 0.0436,
    0.0500, 0.0729, 0.0457, 0.0400,
  ]

#### lambda_returns_max
  Points: 34
  Min: 5.6879, Max: 11.2149, Mean: 7.7053
  Data: [
    7.1735, 7.3609, 8.1540, 7.1899, 6.6254, 8.0421, 6.6524, 7.0683, 7.2728, 6.9431,
    7.8784, 6.0791, 8.4150, 9.2508, 7.5341, 8.1460, 7.9312, 8.6958, 7.2415, 10.4719,
    8.7284, 8.4048, 8.4230, 7.3775, 7.9681, 11.2149, 6.4347, 7.6288, 5.6879, 6.0638,
    7.0944, 7.3595, 7.3855, 8.0828,
  ]

#### lambda_returns_mean
  Points: 34
  Min: 2.0023, Max: 3.4976, Mean: 2.5990
  Data: [
    3.4976, 3.0762, 2.6431, 2.5756, 2.4729, 2.8259, 2.7028, 2.9511, 2.6944, 2.7026,
    2.6712, 2.8953, 2.8419, 2.6456, 2.5088, 2.6469, 2.5783, 2.3966, 2.5020, 2.3721,
    2.4895, 2.4285, 2.4725, 2.4510, 2.5119, 2.6813, 2.0023, 2.4962, 2.4030, 2.2658,
    2.4609, 2.4478, 2.4272, 2.6266,
  ]

#### lambda_returns_min
  Points: 34
  Min: -6.7974, Max: -3.9414, Mean: -5.5846
  Data: [
    -3.9414, -4.5399, -5.0543, -6.0274, -6.2694, -4.6027, -5.6900, -5.7809, -5.4386, -4.5434,
    -5.7493, -5.4957, -6.1095, -5.7884, -5.8023, -5.7744, -5.2621, -5.1301, -5.6870, -5.3673,
    -5.8548, -6.0291, -5.6985, -6.0927, -5.7977, -5.7333, -5.8400, -5.8423, -5.8575, -6.1217,
    -5.2810, -5.3329, -5.5439, -6.7974,
  ]

#### lambda_returns_std
  Points: 34
  Min: 0.9432, Max: 1.6433, Mean: 1.2867
  Data: [
    0.9432, 1.0193, 1.2660, 1.1875, 1.3245, 1.1536, 1.2104, 1.0578, 1.0354, 1.1343,
    1.2468, 1.3285, 1.2686, 1.3695, 1.2170, 1.3408, 1.4788, 1.1687, 1.4233, 1.2322,
    1.4603, 1.3073, 1.5380, 1.6397, 1.2525, 1.3595, 1.4480, 1.3951, 1.2368, 1.6433,
    1.1961, 1.1961, 1.2883, 1.3798,
  ]

#### max
  Points: 34
  Min: 5.1114, Max: 6.6302, Mean: 5.4449
  Data: [
    5.4640, 5.2364, 5.4606, 5.3018, 5.2741, 5.2874, 5.1114, 5.3234, 6.3323, 5.1820,
    5.1943, 5.1703, 5.4740, 6.6302, 5.9810, 5.9411, 5.5439, 5.4119, 5.6541, 6.0224,
    5.6012, 5.7563, 5.3204, 5.2114, 5.2353, 5.2027, 5.3343, 5.2935, 5.1997, 5.2095,
    5.2661, 5.1562, 5.2065, 5.1365,
  ]

#### mean
  Points: 34
  Min: 2.0131, Max: 3.5080, Mean: 2.5764
  Data: [
    3.5080, 3.0405, 2.6204, 2.5600, 2.4633, 2.7946, 2.7024, 2.9391, 2.6604, 2.6716,
    2.6670, 2.8817, 2.8070, 2.6286, 2.4537, 2.6254, 2.5739, 2.3686, 2.4948, 2.3303,
    2.4786, 2.4094, 2.4772, 2.3918, 2.5028, 2.6480, 2.0131, 2.4551, 2.3620, 2.2417,
    2.4300, 2.4226, 2.3904, 2.5824,
  ]

#### min
  Points: 34
  Min: -5.3119, Max: -3.7745, Mean: -4.7133
  Data: [
    -3.8902, -3.9064, -4.5058, -4.8981, -4.6707, -4.3168, -4.8235, -4.8834, -4.7957, -3.7745,
    -4.4513, -4.7736, -4.0904, -4.6798, -4.7548, -5.1460, -4.2537, -4.3299, -5.0316, -5.1068,
    -4.9016, -5.1015, -5.0255, -4.9227, -4.8180, -4.7208, -5.0614, -5.0354, -4.9863, -5.3119,
    -4.7774, -4.7002, -4.7810, -5.0262,
  ]

#### norm_high
  Points: 34
  Min: 0.7683, Max: 4.9929, Mean: 4.8075
  Data: [
    0.7683, 4.9590, 4.9741, 4.9649, 4.9214, 4.9417, 4.8960, 4.9901, 4.9473, 4.9475,
    4.9670, 4.9386, 4.9573, 4.9929, 4.9241, 4.9243, 4.9284, 4.9229, 4.9564, 4.8544,
    4.9320, 4.9398, 4.9545, 4.8804, 4.9035, 4.9075, 4.9080, 4.9040, 4.9088, 4.8921,
    4.9197, 4.9178, 4.9049, 4.9043,
  ]

#### norm_low
  Points: 34
  Min: 0.2547, Max: 1.8496, Mean: 0.9800
  Data: [
    0.2547, 1.8496, 1.3129, 1.3344, 1.2525, 1.2891, 1.2201, 1.4807, 1.4626, 1.3145,
    1.3091, 1.2647, 1.2602, 1.1223, 1.0115, 0.8601, 0.7965, 0.7623, 0.7997, 0.7706,
    0.9996, 0.8045, 0.8696, 0.8769, 1.0337, 0.7521, 0.5682, 0.4511, 0.6586, 0.6232,
    0.7232, 0.7234, 0.7725, 0.7343,
  ]

#### norm_scale
  Points: 34
  Min: 0.5136, Max: 4.4529, Mean: 3.8275
  Data: [
    0.5136, 3.1094, 3.6612, 3.6305, 3.6690, 3.6526, 3.6760, 3.5094, 3.4847, 3.6331,
    3.6579, 3.6739, 3.6971, 3.8706, 3.9125, 4.0643, 4.1319, 4.1606, 4.1567, 4.0839,
    3.9324, 4.1353, 4.0849, 4.0036, 3.8698, 4.1554, 4.3397, 4.4529, 4.2502, 4.2689,
    4.1965, 4.1944, 4.1324, 4.1700,
  ]

#### std
  Points: 34
  Min: 0.8812, Max: 1.4851, Mean: 1.1491
  Data: [
    0.8812, 0.9202, 1.0803, 1.0185, 1.1271, 1.0771, 1.0548, 0.9793, 0.9728, 1.0086,
    1.0770, 1.1529, 1.0974, 1.2162, 1.0908, 1.2005, 1.2799, 1.0909, 1.2543, 1.0524,
    1.2952, 1.1567, 1.3429, 1.4524, 1.1336, 1.2327, 1.2968, 1.3052, 1.1068, 1.4851,
    1.1522, 1.0329, 1.1622, 1.2809,
  ]


### IMAGINATION
#### continue_mean
  Points: 34
  Min: 0.9774, Max: 0.9904, Mean: 0.9851
  Data: [
    0.9774, 0.9833, 0.9861, 0.9895, 0.9883, 0.9843, 0.9865, 0.9856, 0.9863, 0.9873,
    0.9848, 0.9837, 0.9838, 0.9885, 0.9869, 0.9862, 0.9878, 0.9862, 0.9824, 0.9852,
    0.9823, 0.9864, 0.9867, 0.9827, 0.9869, 0.9865, 0.9872, 0.9819, 0.9842, 0.9831,
    0.9818, 0.9904, 0.9824, 0.9821,
  ]

#### continue_min
  Points: 34
  Min: 0.0000, Max: 0.0000, Mean: 0.0000
  Data: [
    0.0000, 0.0000, 0.0000, 0.0000, 0.0000, 0.0000, 0.0000, 0.0000, 0.0000, 0.0000,
    0.0000, 0.0000, 0.0000, 0.0000, 0.0000, 0.0000, 0.0000, 0.0000, 0.0000, 0.0000,
    0.0000, 0.0000, 0.0000, 0.0000, 0.0000, 0.0000, 0.0000, 0.0000, 0.0000, 0.0000,
    0.0000, 0.0000, 0.0000, 0.0000,
  ]

#### reward_abs_mean
  Points: 34
  Min: 0.0545, Max: 0.1075, Mean: 0.0798
  Data: [
    0.1075, 0.0860, 0.0720, 0.0621, 0.0702, 0.0884, 0.0726, 0.0761, 0.0732, 0.0682,
    0.0775, 0.0864, 0.0858, 0.0657, 0.0735, 0.0798, 0.0714, 0.0723, 0.0947, 0.0776,
    0.0901, 0.0760, 0.0799, 0.1021, 0.0753, 0.0780, 0.0691, 0.0904, 0.0759, 0.0922,
    0.0855, 0.0545, 0.0879, 0.0953,
  ]

#### reward_max
  Points: 34
  Min: 2.5001, Max: 2.5009, Mean: 2.5002
  Data: [
    2.5004, 2.5005, 2.5009, 2.5007, 2.5001, 2.5008, 2.5003, 2.5003, 2.5003, 2.5003,
    2.5004, 2.5001, 2.5001, 2.5001, 2.5001, 2.5002, 2.5002, 2.5003, 2.5002, 2.5001,
    2.5001, 2.5001, 2.5001, 2.5002, 2.5002, 2.5001, 2.5001, 2.5003, 2.5002, 2.5003,
    2.5001, 2.5002, 2.5001, 2.5001,
  ]

#### reward_mean
  Points: 34
  Min: 0.0212, Max: 0.0933, Mean: 0.0467
  Data: [
    0.0933, 0.0663, 0.0424, 0.0266, 0.0224, 0.0588, 0.0379, 0.0516, 0.0539, 0.0419,
    0.0455, 0.0437, 0.0501, 0.0306, 0.0405, 0.0446, 0.0316, 0.0505, 0.0564, 0.0526,
    0.0549, 0.0320, 0.0421, 0.0526, 0.0397, 0.0498, 0.0212, 0.0538, 0.0416, 0.0418,
    0.0668, 0.0277, 0.0597, 0.0637,
  ]

#### reward_min
  Points: 34
  Min: -2.6105, Max: -0.5034, Mean: -2.5205
  Data: [
    -0.5034, -2.5704, -2.6105, -2.5983, -2.5860, -2.5816, -2.5711, -2.5799, -2.5626, -2.5635,
    -2.5422, -2.5609, -2.5916, -2.5745, -2.5738, -2.5864, -2.5965, -2.5726, -2.5830, -2.5795,
    -2.6094, -2.6056, -2.5860, -2.5905, -2.5721, -2.6060, -2.5866, -2.5987, -2.5892, -2.5914,
    -2.5696, -2.5813, -2.5548, -2.5677,
  ]

#### reward_nonzero_frac
  Points: 34
  Min: 0.0546, Max: 0.1135, Mean: 0.0775
  Data: [
    0.0916, 0.0808, 0.0696, 0.0589, 0.0794, 0.0808, 0.0762, 0.0690, 0.0649, 0.0587,
    0.0737, 0.0887, 0.0880, 0.0652, 0.0804, 0.0867, 0.0814, 0.0674, 0.0945, 0.0749,
    0.0807, 0.0749, 0.0780, 0.1135, 0.0830, 0.0732, 0.0662, 0.0827, 0.0613, 0.0913,
    0.0739, 0.0546, 0.0794, 0.0906,
  ]

#### reward_significant_frac
  Points: 34
  Min: 0.0181, Max: 0.0421, Mean: 0.0288
  Data: [
    0.0421, 0.0325, 0.0263, 0.0215, 0.0246, 0.0316, 0.0256, 0.0269, 0.0275, 0.0251,
    0.0277, 0.0301, 0.0313, 0.0237, 0.0259, 0.0279, 0.0253, 0.0264, 0.0339, 0.0278,
    0.0344, 0.0257, 0.0293, 0.0374, 0.0260, 0.0294, 0.0240, 0.0331, 0.0280, 0.0327,
    0.0312, 0.0181, 0.0310, 0.0355,
  ]

#### reward_std
  Points: 34
  Min: 0.2752, Max: 0.4094, Mean: 0.3424
  Data: [
    0.4094, 0.3645, 0.3283, 0.2991, 0.3179, 0.3568, 0.3239, 0.3392, 0.3304, 0.3186,
    0.3438, 0.3578, 0.3534, 0.3051, 0.3211, 0.3380, 0.3198, 0.3262, 0.3755, 0.3364,
    0.3768, 0.3295, 0.3398, 0.3820, 0.3276, 0.3401, 0.3176, 0.3679, 0.3472, 0.3673,
    0.3649, 0.2752, 0.3638, 0.3763,
  ]


### ACTIONS
#### abs_mean
  Points: 34
  Min: 0.4732, Max: 0.5506, Mean: 0.5058
  Data: [
    0.5015, 0.5152, 0.5150, 0.4864, 0.4961, 0.4780, 0.5232, 0.5457, 0.4945, 0.5287,
    0.5506, 0.5035, 0.5103, 0.4938, 0.4888, 0.4930, 0.4968, 0.4866, 0.5178, 0.4732,
    0.5100, 0.5169, 0.5061, 0.5335, 0.5060, 0.5009, 0.4913, 0.5209, 0.5156, 0.4906,
    0.5009, 0.4999, 0.4880, 0.5161,
  ]

#### dim0_mean
  Points: 34
  Min: 0.0453, Max: 0.2116, Mean: 0.1242
  Data: [
    0.1202, 0.0453, 0.1046, 0.1038, 0.0724, 0.1507, 0.0671, 0.0998, 0.1652, 0.2116,
    0.0904, 0.1359, 0.0679, 0.0937, 0.1651, 0.1601, 0.0879, 0.1886, 0.1243, 0.1227,
    0.0696, 0.1063, 0.1714, 0.1754, 0.1237, 0.1164, 0.1295, 0.1346, 0.1063, 0.1634,
    0.1481, 0.1580, 0.1845, 0.0593,
  ]

#### dim1_mean
  Points: 34
  Min: -0.0806, Max: 0.0722, Mean: -0.0015
  Data: [
    -0.0584, 0.0179, 0.0267, 0.0204, 0.0032, 0.0422, 0.0288, -0.0522, 0.0722, -0.0409,
    -0.0145, 0.0214, -0.0347, 0.0459, 0.0347, -0.0193, -0.0372, -0.0015, -0.0224, 0.0551,
    -0.0110, 0.0167, 0.0109, 0.0258, -0.0806, 0.0153, 0.0167, 0.0051, -0.0295, 0.0157,
    0.0035, -0.0236, -0.0743, -0.0300,
  ]

#### dim2_mean
  Points: 34
  Min: -0.1163, Max: -0.0057, Mean: -0.0552
  Data: [
    -0.0813, -0.0730, -0.0548, -0.0144, -0.0776, -0.1154, -0.0735, -0.0514, -0.0455, -0.0057,
    -0.0670, -0.0256, -0.0195, -0.0143, -0.0187, -0.0396, -0.0996, -0.0703, -0.0559, -0.0417,
    -0.0271, -0.0177, -0.0983, -0.1163, -0.0530, -0.0170, -0.0751, -0.0692, -0.0952, -0.0257,
    -0.0429, -0.0490, -0.0345, -0.1095,
  ]

#### dim3_mean
  Points: 34
  Min: -0.0797, Max: 0.0526, Mean: -0.0242
  Data: [
    -0.0612, -0.0201, 0.0112, -0.0482, -0.0537, -0.0409, 0.0526, -0.0396, -0.0409, -0.0171,
    -0.0501, -0.0170, -0.0041, -0.0078, -0.0570, -0.0514, -0.0044, -0.0171, -0.0158, -0.0224,
    -0.0135, -0.0158, -0.0505, 0.0152, -0.0268, 0.0002, -0.0310, -0.0207, 0.0028, 0.0103,
    -0.0253, -0.0797, -0.0547, -0.0279,
  ]

#### max
  Points: 34
  Min: 0.9996, Max: 1.0000, Mean: 0.9999
  Data: [
    1.0000, 0.9999, 0.9999, 0.9999, 0.9999, 1.0000, 1.0000, 1.0000, 0.9999, 1.0000,
    1.0000, 0.9996, 1.0000, 0.9996, 0.9999, 1.0000, 0.9998, 0.9999, 0.9999, 0.9999,
    1.0000, 0.9999, 1.0000, 1.0000, 1.0000, 1.0000, 0.9998, 0.9999, 1.0000, 1.0000,
    0.9999, 0.9998, 0.9998, 1.0000,
  ]

#### mean
  Points: 34
  Min: -0.0270, Max: 0.0409, Mean: 0.0108
  Data: [
    -0.0202, -0.0075, 0.0219, 0.0154, -0.0139, 0.0092, 0.0187, -0.0108, 0.0378, 0.0370,
    -0.0103, 0.0287, 0.0024, 0.0294, 0.0310, 0.0124, -0.0133, 0.0249, 0.0076, 0.0284,
    0.0045, 0.0224, 0.0083, 0.0250, -0.0092, 0.0287, 0.0100, 0.0125, -0.0039, 0.0409,
    0.0209, 0.0014, 0.0052, -0.0270,
  ]

#### min
  Points: 34
  Min: -1.0000, Max: -0.9995, Mean: -0.9999
  Data: [
    -0.9999, -1.0000, -1.0000, -0.9999, -0.9997, -0.9995, -1.0000, -1.0000, -0.9999, -0.9999,
    -0.9999, -0.9998, -1.0000, -0.9999, -1.0000, -0.9999, -0.9998, -1.0000, -1.0000, -1.0000,
    -1.0000, -1.0000, -0.9999, -1.0000, -1.0000, -1.0000, -0.9999, -1.0000, -1.0000, -1.0000,
    -1.0000, -0.9999, -0.9999, -1.0000,
  ]

#### std
  Points: 34
  Min: 0.5524, Max: 0.6303, Mean: 0.5853
  Data: [
    0.5834, 0.5983, 0.5957, 0.5657, 0.5759, 0.5576, 0.6028, 0.6232, 0.5752, 0.6073,
    0.6303, 0.5819, 0.5892, 0.5693, 0.5639, 0.5696, 0.5762, 0.5639, 0.5977, 0.5524,
    0.5920, 0.5973, 0.5873, 0.6105, 0.5865, 0.5813, 0.5716, 0.6000, 0.5973, 0.5712,
    0.5833, 0.5808, 0.5673, 0.5951,
  ]


### GRADIENTS
#### actor_norm
  Points: 34
  Min: 0.0625, Max: 0.4382, Mean: 0.1008
  Data: [
    0.4382, 0.0700, 0.1135, 0.0875, 0.1162, 0.1004, 0.0897, 0.0626, 0.0745, 0.0878,
    0.0974, 0.1235, 0.0956, 0.0944, 0.0748, 0.0836, 0.0848, 0.0625, 0.0678, 0.1228,
    0.0887, 0.0977, 0.0905, 0.0947, 0.0978, 0.0954, 0.0954, 0.0824, 0.0903, 0.0873,
    0.0840, 0.0843, 0.0876, 0.1032,
  ]

#### critic_norm
  Points: 34
  Min: 0.2144, Max: 0.5078, Mean: 0.3049
  Data: [
    0.3019, 0.2144, 0.3107, 0.2539, 0.2586, 0.2810, 0.2886, 0.2363, 0.2531, 0.2851,
    0.2440, 0.2513, 0.3214, 0.3649, 0.4035, 0.2759, 0.3124, 0.3376, 0.3617, 0.5078,
    0.3112, 0.3259, 0.2886, 0.3224, 0.2677, 0.3333, 0.3258, 0.3098, 0.2900, 0.3490,
    0.3648, 0.2525, 0.3139, 0.2479,
  ]

#### world_model_norm
  Points: 34
  Min: 5.7162, Max: 31.5294, Mean: 13.1305
  Data: [
    6.1290, 5.7162, 7.5450, 8.3479, 31.5108, 10.7356, 31.5294, 7.6335, 7.8576, 9.5772,
    13.6746, 17.3422, 12.3783, 12.2174, 7.6179, 7.0406, 19.2674, 22.1838, 6.0601, 10.3997,
    7.5327, 8.2268, 18.8400, 6.1639, 16.7380, 15.8270, 17.3933, 10.1550, 11.0574, 8.6830,
    14.0555, 8.1033, 22.5292, 26.3695,
  ]


### DIAGNOSTICS
#### advantage_contribution
  Points: 34
  Min: 0.0767, Max: 0.3881, Mean: 0.1008
  Data: [
    0.3881, 0.0864, 0.1077, 0.0840, 0.1038, 0.0893, 0.0870, 0.0768, 0.0900, 0.0968,
    0.1035, 0.1029, 0.1006, 0.0977, 0.0906, 0.0938, 0.1012, 0.0767, 0.0831, 0.0878,
    0.0982, 0.0833, 0.1017, 0.1071, 0.1030, 0.0921, 0.0864, 0.0886, 0.0876, 0.0929,
    0.0815, 0.0814, 0.0840, 0.0926,
  ]

#### entropy_advantage_ratio
  Points: 34
  Min: 0.0031, Max: 0.0146, Mean: 0.0111
  Data: [
    0.0031, 0.0121, 0.0084, 0.0109, 0.0097, 0.0112, 0.0122, 0.0146, 0.0129, 0.0113,
    0.0106, 0.0092, 0.0102, 0.0099, 0.0117, 0.0100, 0.0101, 0.0126, 0.0131, 0.0119,
    0.0113, 0.0122, 0.0110, 0.0099, 0.0097, 0.0118, 0.0116, 0.0116, 0.0132, 0.0105,
    0.0125, 0.0127, 0.0126, 0.0113,
  ]

#### entropy_contribution
  Points: 34
  Min: 0.0009, Max: 0.0012, Mean: 0.0010
  Data: [
    0.0012, 0.0010, 0.0009, 0.0009, 0.0010, 0.0010, 0.0011, 0.0011, 0.0012, 0.0011,
    0.0011, 0.0009, 0.0010, 0.0010, 0.0011, 0.0009, 0.0010, 0.0010, 0.0011, 0.0010,
    0.0011, 0.0010, 0.0011, 0.0011, 0.0010, 0.0011, 0.0010, 0.0010, 0.0012, 0.0010,
    0.0010, 0.0010, 0.0011, 0.0010,
  ]

#### return_range_S
  Points: 34
  Min: 0.5136, Max: 4.4529, Mean: 3.8275
  Data: [
    0.5136, 3.1094, 3.6612, 3.6305, 3.6690, 3.6526, 3.6760, 3.5094, 3.4847, 3.6331,
    3.6579, 3.6739, 3.6971, 3.8706, 3.9125, 4.0643, 4.1319, 4.1606, 4.1567, 4.0839,
    3.9324, 4.1353, 4.0849, 4.0036, 3.8698, 4.1554, 4.3397, 4.4529, 4.2502, 4.2689,
    4.1965, 4.1944, 4.1324, 4.1700,
  ]

#### return_range_at_floor
  Points: 34
  Min: 0.0000, Max: 1.0000, Mean: 0.0294
  Data: [
    1.0000, 0.0000, 0.0000, 0.0000, 0.0000, 0.0000, 0.0000, 0.0000, 0.0000, 0.0000,
    0.0000, 0.0000, 0.0000, 0.0000, 0.0000, 0.0000, 0.0000, 0.0000, 0.0000, 0.0000,
    0.0000, 0.0000, 0.0000, 0.0000, 0.0000, 0.0000, 0.0000, 0.0000, 0.0000, 0.0000,
    0.0000, 0.0000, 0.0000, 0.0000,
  ]


### SPARSE_SIGNAL
#### advantage_nonzero_frac
  Points: 34
  Min: 0.6859, Max: 0.9315, Mean: 0.7453
  Data: [
    0.9315, 0.7058, 0.7764, 0.7941, 0.7823, 0.7569, 0.7303, 0.7137, 0.7118, 0.7314,
    0.7581, 0.7663, 0.7710, 0.7872, 0.7500, 0.7807, 0.7570, 0.7567, 0.7395, 0.7501,
    0.7159, 0.7114, 0.7242, 0.7425, 0.7417, 0.7058, 0.7342, 0.7433, 0.6859, 0.7375,
    0.7330, 0.6930, 0.7303, 0.6917,
  ]

#### advantage_significant_frac
  Points: 34
  Min: 0.1381, Max: 0.5260, Mean: 0.1891
  Data: [
    0.5260, 0.1467, 0.2111, 0.1723, 0.2034, 0.1646, 0.1594, 0.1381, 0.1528, 0.1863,
    0.1866, 0.1915, 0.2086, 0.2023, 0.1704, 0.1925, 0.1949, 0.1614, 0.1532, 0.1860,
    0.1875, 0.1569, 0.1980, 0.2061, 0.2060, 0.1833, 0.1519, 0.1974, 0.1845, 0.1897,
    0.1717, 0.1516, 0.1542, 0.1835,
  ]

#### event_rate_in_batch
  Points: 34
  Min: 0.0121, Max: 0.0444, Mean: 0.0261
  Data: [
    0.0444, 0.0353, 0.0242, 0.0202, 0.0242, 0.0312, 0.0272, 0.0252, 0.0302, 0.0161,
    0.0252, 0.0181, 0.0282, 0.0232, 0.0222, 0.0181, 0.0202, 0.0242, 0.0302, 0.0222,
    0.0353, 0.0282, 0.0222, 0.0312, 0.0282, 0.0262, 0.0202, 0.0383, 0.0323, 0.0181,
    0.0262, 0.0121, 0.0242, 0.0353,
  ]

#### lambda_return_abs_mean
  Points: 34
  Min: 2.1780, Max: 3.5095, Mean: 2.6848
  Data: [
    3.5095, 3.0961, 2.7403, 2.6610, 2.6139, 2.8571, 2.8096, 2.9801, 2.7098, 2.7616,
    2.7624, 3.0300, 2.9197, 2.7672, 2.5582, 2.7387, 2.7414, 2.4166, 2.6199, 2.4177,
    2.6466, 2.5170, 2.6174, 2.6006, 2.5811, 2.7429, 2.1780, 2.5873, 2.4728, 2.4731,
    2.4786, 2.5168, 2.4820, 2.6790,
  ]

#### lambda_return_nonzero_frac
  Points: 34
  Min: 0.9928, Max: 1.0000, Mean: 0.9982
  Data: [
    1.0000, 1.0000, 0.9992, 0.9997, 0.9977, 0.9988, 0.9985, 0.9988, 0.9998, 0.9986,
    0.9995, 0.9986, 0.9987, 0.9980, 0.9976, 0.9991, 0.9983, 0.9998, 0.9960, 0.9973,
    0.9994, 0.9973, 0.9972, 0.9958, 0.9985, 0.9986, 0.9960, 0.9977, 0.9985, 0.9928,
    0.9983, 0.9991, 0.9975, 0.9991,
  ]

#### lambda_return_significant_frac
  Points: 34
  Min: 0.9039, Max: 0.9982, Mean: 0.9615
  Data: [
    0.9982, 0.9942, 0.9780, 0.9827, 0.9658, 0.9841, 0.9839, 0.9953, 0.9927, 0.9827,
    0.9851, 0.9869, 0.9715, 0.9732, 0.9607, 0.9717, 0.9579, 0.9748, 0.9289, 0.9431,
    0.9572, 0.9518, 0.9306, 0.9420, 0.9731, 0.9379, 0.9071, 0.9463, 0.9293, 0.9039,
    0.9567, 0.9681, 0.9243, 0.9510,
  ]

#### nonsparse_pred_error
  Points: 34
  Min: 0.0047, Max: 0.0168, Mean: 0.0094
  Data: [
    0.0093, 0.0076, 0.0091, 0.0085, 0.0091, 0.0065, 0.0095, 0.0077, 0.0141, 0.0060,
    0.0088, 0.0079, 0.0096, 0.0086, 0.0087, 0.0116, 0.0078, 0.0047, 0.0093, 0.0129,
    0.0137, 0.0126, 0.0098, 0.0168, 0.0088, 0.0103, 0.0110, 0.0079, 0.0111, 0.0081,
    0.0090, 0.0063, 0.0061, 0.0097,
  ]

#### num_sparse_events
  Points: 34
  Min: 12.0000, Max: 44.0000, Mean: 25.9118
  Data: [
    44.0000, 35.0000, 24.0000, 20.0000, 24.0000, 31.0000, 27.0000, 25.0000, 30.0000, 16.0000,
    25.0000, 18.0000, 28.0000, 23.0000, 22.0000, 18.0000, 20.0000, 24.0000, 30.0000, 22.0000,
    35.0000, 28.0000, 22.0000, 31.0000, 28.0000, 26.0000, 20.0000, 38.0000, 32.0000, 18.0000,
    26.0000, 12.0000, 24.0000, 35.0000,
  ]

#### reward_max
  Points: 34
  Min: 2.5000, Max: 2.5000, Mean: 2.5000
  Data: [
    2.5000, 2.5000, 2.5000, 2.5000, 2.5000, 2.5000, 2.5000, 2.5000, 2.5000, 2.5000,
    2.5000, 2.5000, 2.5000, 2.5000, 2.5000, 2.5000, 2.5000, 2.5000, 2.5000, 2.5000,
    2.5000, 2.5000, 2.5000, 2.5000, 2.5000, 2.5000, 2.5000, 2.5000, 2.5000, 2.5000,
    2.5000, 2.5000, 2.5000, 2.5000,
  ]

#### reward_min
  Points: 34
  Min: -2.6082, Max: -0.0922, Mean: -2.2132
  Data: [
    -0.0922, -2.5692, -2.6082, -2.6018, -2.5737, -2.5497, -2.5512, -2.5691, -0.1346, -0.1320,
    -2.5389, -2.5863, -2.6082, -2.5442, -2.5363, -2.5353, -2.5705, -2.5717, -2.5714, -2.5699,
    -2.6017, -2.5961, -0.1390, -2.5774, -2.5382, -2.5937, -2.5764, -2.5953, -2.5723, -2.5982,
    -0.1577, -2.5693, -2.5393, -2.5812,
  ]

#### reward_range
  Points: 34
  Min: 2.5922, Max: 5.1082, Mean: 4.7132
  Data: [
    2.5922, 5.0692, 5.1082, 5.1018, 5.0737, 5.0497, 5.0512, 5.0691, 2.6346, 2.6320,
    5.0389, 5.0863, 5.1082, 5.0442, 5.0363, 5.0353, 5.0705, 5.0717, 5.0714, 5.0699,
    5.1017, 5.0961, 2.6390, 5.0774, 5.0382, 5.0937, 5.0764, 5.0953, 5.0723, 5.0982,
    2.6577, 5.0693, 5.0393, 5.0812,
  ]

#### reward_variance
  Points: 34
  Min: 0.0520, Max: 0.1748, Mean: 0.1102
  Data: [
    0.1748, 0.1486, 0.1040, 0.0862, 0.1048, 0.1306, 0.1174, 0.1084, 0.1227, 0.0670,
    0.1074, 0.0773, 0.1178, 0.0998, 0.0931, 0.0767, 0.0860, 0.1009, 0.1279, 0.0932,
    0.1485, 0.1205, 0.0911, 0.1349, 0.1174, 0.1108, 0.0866, 0.1662, 0.1357, 0.0775,
    0.1071, 0.0520, 0.1008, 0.1538,
  ]

#### sparse_actual_mean
  Points: 34
  Min: 0.6013, Max: 1.8750, Mean: 1.3907
  Data: [
    1.8750, 1.4552, 1.2296, 1.1072, 0.6013, 1.6495, 1.3343, 1.0897, 1.8750, 1.8750,
    1.2936, 1.4470, 1.5979, 1.5716, 1.5303, 1.4538, 1.1099, 1.5551, 1.3641, 1.5266,
    1.4516, 1.0563, 1.8750, 1.1577, 1.6040, 0.9956, 0.7349, 1.1021, 1.1576, 1.4453,
    1.8750, 1.2365, 1.5587, 1.4909,
  ]

#### sparse_pred_error
  Points: 34
  Min: 0.0014, Max: 0.1545, Mean: 0.0324
  Data: [
    0.0046, 0.0170, 0.0195, 0.0069, 0.1545, 0.0093, 0.0436, 0.0029, 0.0036, 0.0029,
    0.0127, 0.0662, 0.0493, 0.0107, 0.0038, 0.0047, 0.0849, 0.0435, 0.0023, 0.0690,
    0.0314, 0.0075, 0.0491, 0.0042, 0.0763, 0.0391, 0.0475, 0.0086, 0.0172, 0.0014,
    0.0496, 0.0158, 0.0672, 0.0742,
  ]

#### sparse_pred_mean
  Points: 34
  Min: 0.4517, Max: 1.9227, Mean: 1.3836
  Data: [
    1.8722, 1.4510, 1.2438, 1.1044, 0.4517, 1.6547, 1.3748, 1.0887, 1.8729, 1.8762,
    1.2977, 1.4756, 1.5526, 1.5625, 1.5307, 1.4570, 1.1400, 1.5128, 1.3631, 1.4877,
    1.4299, 1.0511, 1.8276, 1.1558, 1.5999, 0.9961, 0.7811, 1.1065, 1.1415, 1.4458,
    1.9227, 1.2521, 1.5289, 1.4343,
  ]

#### sparse_sign_accuracy
  Points: 34
  Min: 1.0000, Max: 1.0000, Mean: 1.0000
  Data: [
    1.0000, 1.0000, 1.0000, 1.0000, 1.0000, 1.0000, 1.0000, 1.0000, 1.0000, 1.0000,
    1.0000, 1.0000, 1.0000, 1.0000, 1.0000, 1.0000, 1.0000, 1.0000, 1.0000, 1.0000,
    1.0000, 1.0000, 1.0000, 1.0000, 1.0000, 1.0000, 1.0000, 1.0000, 1.0000, 1.0000,
    1.0000, 1.0000, 1.0000, 1.0000,
  ]

#### sparse_vs_nonsparse_error_ratio
  Points: 34
  Min: 0.1665, Max: 16.9693, Mean: 3.7351
  Data: [
    0.4912, 2.2409, 2.1544, 0.8084, 16.9693, 1.4346, 4.5899, 0.3746, 0.2572, 0.4822,
    1.4386, 8.3472, 5.1582, 1.2489, 0.4335, 0.4030, 10.9151, 9.1839, 0.2475, 5.3624,
    2.2915, 0.5963, 4.9898, 0.2482, 8.6922, 3.8143, 4.3221, 1.0832, 1.5575, 0.1665,
    5.5425, 2.5057, 10.9803, 7.6617,
  ]

#### sparse_weight_applied
  Points: 34
  Min: 21.5455, Max: 81.6667, Mean: 40.0601
  Data: [
    21.5455, 27.3429, 40.3333, 48.6000, 40.3333, 31.0000, 35.7407, 38.6800, 32.0667, 61.0000,
    38.6800, 54.1111, 34.4286, 42.1304, 44.0909, 54.1111, 48.6000, 40.3333, 32.0667, 44.0909,
    27.3429, 34.4286, 44.0909, 31.0000, 34.4286, 37.1538, 48.6000, 25.1053, 30.0000, 54.1111,
    37.1538, 81.6667, 40.3333, 27.3429,
  ]

#### unweighted_reward_loss
  Points: 34
  Min: 0.1669, Max: 0.2870, Mean: 0.2267
  Data: [
    0.2064, 0.2420, 0.2309, 0.1937, 0.2490, 0.2161, 0.2635, 0.1749, 0.2334, 0.1669,
    0.2033, 0.2299, 0.2360, 0.2509, 0.2156, 0.2042, 0.2155, 0.1712, 0.2566, 0.2417,
    0.2249, 0.2870, 0.2134, 0.2571, 0.2513, 0.2044, 0.2323, 0.2511, 0.2513, 0.2302,
    0.2352, 0.1718, 0.2207, 0.2770,
  ]

#### value_lambda_gap_abs_mean
  Points: 34
  Min: 0.1393, Max: 0.3135, Mean: 0.2566
  Data: [
    0.1393, 0.1913, 0.2903, 0.2370, 0.2819, 0.2261, 0.2322, 0.1898, 0.2064, 0.2460,
    0.2652, 0.2706, 0.2702, 0.2794, 0.2460, 0.2848, 0.3027, 0.2344, 0.2433, 0.2671,
    0.2762, 0.2465, 0.2952, 0.3135, 0.2834, 0.2710, 0.2643, 0.2851, 0.2629, 0.3014,
    0.2451, 0.2508, 0.2477, 0.2758,
  ]

#### value_lambda_gap_mean
  Points: 34
  Min: -0.0239, Max: 0.0532, Mean: 0.0165
  Data: [
    -0.0239, 0.0244, 0.0184, 0.0155, 0.0093, 0.0229, -0.0037, 0.0036, 0.0277, 0.0277,
    -0.0022, 0.0068, 0.0284, 0.0147, 0.0519, 0.0145, 0.0013, 0.0174, -0.0016, 0.0338,
    0.0052, 0.0178, -0.0114, 0.0532, 0.0036, 0.0244, -0.0115, 0.0329, 0.0384, 0.0205,
    0.0191, 0.0220, 0.0273, 0.0311,
  ]

#### weighted_reward_loss
  Points: 34
  Min: 0.2349, Max: 0.6222, Mean: 0.3021
  Data: [
    0.2538, 0.2856, 0.2957, 0.2660, 0.6222, 0.2637, 0.3166, 0.2433, 0.2685, 0.2349,
    0.2589, 0.3131, 0.3253, 0.2807, 0.2615, 0.2566, 0.3466, 0.2613, 0.2909, 0.3798,
    0.2874, 0.3109, 0.2815, 0.2887, 0.3301, 0.2844, 0.3034, 0.2923, 0.2965, 0.2790,
    0.3592, 0.2630, 0.3302, 0.3390,
  ]

