================================================================================
W&B RUN DATA: fbench-CONTINUE-dreamsmooth-180k-selfplay-ON_weak_seed42_20260130_193448
================================================================================

## RUN METADATA
Run ID: mtkf31tz
Created: 2026-01-30T18:34:49Z
State: crashed
Duration: 71501.009344126 seconds

## CONFIGURATION
  [Environment]
    opponent: weak
  [Training]
    batch_size: 32
    batch_length: 32
    imagination_horizon: 15
    discount: 0.997
  [Entropy]
    entropy_scale: 0.0003
  [Self-Play]
    self_play_start: 1
    self_play_pool_size: 20
    self_play_save_interval: 500
    self_play_weak_ratio: 0.5
    use_pfsp: True
    pfsp_mode: variance
  [Architecture]
    recurrent_size: 256
    latent_length: 16
    latent_classes: 16
  [Meta]
    seed: 42
    algorithm: DreamerV3

## FINAL SUMMARY
  runtime: 19.86 hours (71501 seconds)

## NOTE: Data reduced (fraction=0.1, max_points=100)

## METRICS DATA

### STATS
#### buffer_size
  Points: 35
  Min: 12787.0000, Max: 250000.0000, Mean: 184854.2286
  Data: [
    12787.0000, 24001.0000, 43351.0000, 64672.0000, 80521.0000, 98132.0000, 111496.0000, 123661.0000, 134807.0000, 141940.0000,
    148045.0000, 154747.0000, 162390.0000, 173537.0000, 182681.0000, 193342.0000, 204703.0000, 213212.0000, 222602.0000, 235251.0000,
    244020.0000, 250000.0000, 250000.0000, 250000.0000, 250000.0000, 250000.0000, 250000.0000, 250000.0000, 250000.0000, 250000.0000,
    250000.0000, 250000.0000, 250000.0000, 250000.0000, 250000.0000,
  ]

#### draws
  Points: 35
  Min: 0.0000, Max: 224.0000, Mean: 126.8286
  Data: [
    0.0000, 9.0000, 30.0000, 51.0000, 70.0000, 89.0000, 95.0000, 102.0000, 104.0000, 107.0000,
    109.0000, 109.0000, 111.0000, 113.0000, 114.0000, 116.0000, 119.0000, 123.0000, 129.0000, 134.0000,
    139.0000, 144.0000, 149.0000, 156.0000, 162.0000, 165.0000, 167.0000, 169.0000, 172.0000, 180.0000,
    185.0000, 188.0000, 197.0000, 208.0000, 224.0000,
  ]

#### env_steps
  Points: 35
  Min: 560889.0000, Max: 943252.0000, Mean: 761966.9429
  Data: [
    560889.0000, 572103.0000, 591453.0000, 612774.0000, 628623.0000, 646234.0000, 659598.0000, 671763.0000, 682909.0000, 690042.0000,
    696147.0000, 702849.0000, 710492.0000, 721639.0000, 730783.0000, 741444.0000, 752805.0000, 761314.0000, 770704.0000, 783353.0000,
    792122.0000, 805654.0000, 815669.0000, 829019.0000, 836193.0000, 845941.0000, 854917.0000, 863571.0000, 872198.0000, 882662.0000,
    892691.0000, 904814.0000, 916059.0000, 926163.0000, 943252.0000,
  ]

#### episodes
  Points: 35
  Min: 5926.0000, Max: 11466.0000, Mean: 8735.1429
  Data: [
    5926.0000, 6056.0000, 6256.0000, 6476.0000, 6636.0000, 6816.0000, 6976.0000, 7156.0000, 7366.0000, 7486.0000,
    7606.0000, 7736.0000, 7886.0000, 8096.0000, 8266.0000, 8446.0000, 8616.0000, 8756.0000, 8896.0000, 9096.0000,
    9226.0000, 9426.0000, 9566.0000, 9766.0000, 9866.0000, 10036.0000, 10196.0000, 10346.0000, 10496.0000, 10636.0000,
    10786.0000, 10976.0000, 11136.0000, 11256.0000, 11466.0000,
  ]

#### gradient_steps
  Points: 35
  Min: 180032.0000, Max: 357312.0000, Mean: 269924.5714
  Data: [
    180032.0000, 184192.0000, 190592.0000, 197632.0000, 202752.0000, 208512.0000, 213632.0000, 219392.0000, 226112.0000, 229952.0000,
    233792.0000, 237952.0000, 242752.0000, 249472.0000, 254912.0000, 260672.0000, 266112.0000, 270592.0000, 275072.0000, 281472.0000,
    285632.0000, 292032.0000, 296512.0000, 302912.0000, 306112.0000, 311552.0000, 316672.0000, 321472.0000, 326272.0000, 330752.0000,
    335552.0000, 341632.0000, 346752.0000, 350592.0000, 357312.0000,
  ]

#### losses
  Points: 35
  Min: 1.0000, Max: 498.0000, Mean: 269.6857
  Data: [
    1.0000, 20.0000, 39.0000, 69.0000, 84.0000, 104.0000, 115.0000, 138.0000, 150.0000, 157.0000,
    173.0000, 182.0000, 194.0000, 206.0000, 220.0000, 233.0000, 248.0000, 261.0000, 276.0000, 297.0000,
    318.0000, 339.0000, 357.0000, 374.0000, 384.0000, 400.0000, 413.0000, 428.0000, 437.0000, 446.0000,
    454.0000, 464.0000, 477.0000, 483.0000, 498.0000,
  ]

#### mean_reward
  Points: 35
  Min: -11.3367, Max: 8.2951, Mean: 6.4095
  Data: [
    -11.3367, 5.0289, 6.3545, 4.3392, 5.2089, 4.8828, 6.8484, 6.4672, 7.8406, 8.1226,
    6.0742, 7.6518, 8.0645, 7.9817, 6.8849, 8.1916, 6.8804, 7.1682, 6.6748, 6.6366,
    5.7104, 7.0269, 6.0169, 7.4681, 6.4692, 7.1411, 7.6003, 7.0245, 8.1046, 7.6231,
    8.2951, 7.9945, 7.6427, 7.2008, 7.0489,
  ]

#### opponent_selfplay_count
  Points: 35
  Min: 1.0000, Max: 2808.0000, Mean: 1440.8857
  Data: [
    1.0000, 73.0000, 181.0000, 293.0000, 373.0000, 464.0000, 537.0000, 652.0000, 763.0000, 834.0000,
    896.0000, 951.0000, 1035.0000, 1130.0000, 1214.0000, 1299.0000, 1393.0000, 1452.0000, 1524.0000, 1623.0000,
    1687.0000, 1777.0000, 1849.0000, 1954.0000, 2006.0000, 2098.0000, 2169.0000, 2253.0000, 2334.0000, 2405.0000,
    2473.0000, 2568.0000, 2656.0000, 2706.0000, 2808.0000,
  ]

#### opponent_strong_count
  Points: 35
  Min: 0.0000, Max: 2045.0000, Mean: 1036.7714
  Data: [
    0.0000, 45.0000, 112.0000, 199.0000, 267.0000, 332.0000, 398.0000, 444.0000, 522.0000, 557.0000,
    602.0000, 654.0000, 704.0000, 786.0000, 856.0000, 930.0000, 985.0000, 1049.0000, 1098.0000, 1175.0000,
    1221.0000, 1303.0000, 1355.0000, 1430.0000, 1468.0000, 1527.0000, 1598.0000, 1646.0000, 1694.0000, 1742.0000,
    1798.0000, 1862.0000, 1917.0000, 1966.0000, 2045.0000,
  ]

#### opponent_weak_count
  Points: 35
  Min: 0.0000, Max: 688.0000, Mean: 332.4857
  Data: [
    0.0000, 13.0000, 38.0000, 59.0000, 71.0000, 95.0000, 116.0000, 135.0000, 156.0000, 170.0000,
    183.0000, 206.0000, 222.0000, 255.0000, 271.0000, 292.0000, 313.0000, 330.0000, 349.0000, 373.0000,
    393.0000, 421.0000, 437.0000, 457.0000, 467.0000, 486.0000, 504.0000, 522.0000, 543.0000, 564.0000,
    590.0000, 621.0000, 638.0000, 659.0000, 688.0000,
  ]

#### win_rate
  Points: 35
  Min: 0.0000, Max: 0.9400, Mean: 0.8471
  Data: [
    0.0000, 0.7900, 0.8500, 0.7300, 0.7800, 0.7700, 0.8900, 0.8600, 0.9200, 0.9300,
    0.8300, 0.9200, 0.9300, 0.9300, 0.8800, 0.9400, 0.8800, 0.8800, 0.8500, 0.8500,
    0.8100, 0.8800, 0.8300, 0.8900, 0.8400, 0.8800, 0.9100, 0.8800, 0.9300, 0.8900,
    0.9400, 0.9300, 0.9000, 0.8700, 0.8600,
  ]

#### wins
  Points: 35
  Min: 0.0000, Max: 4819.0000, Mean: 2413.6286
  Data: [
    0.0000, 102.0000, 262.0000, 431.0000, 557.0000, 698.0000, 841.0000, 991.0000, 1187.0000, 1297.0000,
    1399.0000, 1520.0000, 1656.0000, 1852.0000, 2007.0000, 2172.0000, 2324.0000, 2447.0000, 2566.0000, 2740.0000,
    2844.0000, 3018.0000, 3135.0000, 3311.0000, 3395.0000, 3546.0000, 3691.0000, 3824.0000, 3962.0000, 4085.0000,
    4222.0000, 4399.0000, 4537.0000, 4640.0000, 4819.0000,
  ]


### EPISODE
#### draw_rate_100
  Points: 35
  Min: 0.0000, Max: 0.0100, Mean: 0.0006
  Data: [
    0.0000, 0.0000, 0.0000, 0.0000, 0.0000, 0.0000, 0.0100, 0.0000, 0.0000, 0.0000,
    0.0000, 0.0000, 0.0000, 0.0000, 0.0000, 0.0000, 0.0000, 0.0000, 0.0000, 0.0000,
    0.0000, 0.0000, 0.0000, 0.0000, 0.0000, 0.0000, 0.0000, 0.0000, 0.0000, 0.0100,
    0.0000, 0.0000, 0.0000, 0.0000, 0.0000,
  ]

#### length_max
  Points: 35
  Min: 28.0000, Max: 251.0000, Mean: 243.3143
  Data: [
    28.0000, 251.0000, 251.0000, 251.0000, 251.0000, 251.0000, 251.0000, 251.0000, 251.0000, 251.0000,
    251.0000, 213.0000, 251.0000, 251.0000, 243.0000, 251.0000, 251.0000, 251.0000, 251.0000, 251.0000,
    251.0000, 251.0000, 251.0000, 251.0000, 251.0000, 251.0000, 251.0000, 251.0000, 251.0000, 251.0000,
    251.0000, 251.0000, 251.0000, 251.0000, 251.0000,
  ]

#### length_mean
  Points: 35
  Min: 28.0000, Max: 102.2700, Mean: 67.5863
  Data: [
    28.0000, 90.3500, 91.5400, 102.2700, 96.7400, 98.5900, 87.6300, 62.5800, 52.6700, 57.2200,
    52.2500, 53.7900, 53.5500, 58.5700, 53.1600, 55.1800, 71.4000, 62.8700, 64.6800, 66.6600,
    66.3400, 62.5600, 71.7400, 68.6000, 71.7400, 59.5900, 56.4100, 58.4400, 56.4100, 73.7900,
    67.8800, 61.8500, 69.1600, 80.7900, 80.5200,
  ]

#### length_min
  Points: 35
  Min: 23.0000, Max: 28.0000, Mean: 23.7429
  Data: [
    28.0000, 25.0000, 24.0000, 23.0000, 24.0000, 23.0000, 23.0000, 23.0000, 24.0000, 23.0000,
    24.0000, 24.0000, 24.0000, 24.0000, 23.0000, 24.0000, 24.0000, 23.0000, 24.0000, 23.0000,
    24.0000, 24.0000, 23.0000, 24.0000, 23.0000, 23.0000, 23.0000, 24.0000, 23.0000, 23.0000,
    24.0000, 24.0000, 24.0000, 25.0000, 23.0000,
  ]

#### length_std
  Points: 35
  Min: 0.0000, Max: 77.2715, Mean: 53.1687
  Data: [
    0.0000, 74.4541, 70.7110, 76.7066, 77.2715, 74.3378, 66.8016, 46.8304, 40.6579, 45.7206,
    42.8157, 39.2551, 43.2783, 46.2403, 36.4565, 38.4969, 56.7775, 50.4110, 51.9421, 56.7289,
    54.7668, 48.0756, 55.0555, 59.2388, 62.0496, 52.1005, 43.1597, 45.6009, 43.9338, 67.6064,
    58.3997, 45.5773, 55.2825, 66.0932, 68.0703,
  ]

#### reward_mean
  Points: 35
  Min: -11.3367, Max: 8.2951, Mean: 6.4095
  Data: [
    -11.3367, 5.0289, 6.3545, 4.3392, 5.2089, 4.8828, 6.8484, 6.4672, 7.8406, 8.1226,
    6.0742, 7.6518, 8.0645, 7.9817, 6.8849, 8.1916, 6.8804, 7.1682, 6.6748, 6.6366,
    5.7104, 7.0269, 6.0169, 7.4681, 6.4692, 7.1411, 7.6003, 7.0245, 8.1046, 7.6231,
    8.2951, 7.9945, 7.6427, 7.2008, 7.0489,
  ]

#### reward_std
  Points: 35
  Min: 0.0000, Max: 8.1024, Mean: 5.9805
  Data: [
    0.0000, 7.7864, 6.5288, 8.1024, 7.5552, 7.7633, 6.1456, 6.9637, 5.3254, 4.6390,
    7.4000, 5.8049, 4.9475, 4.9009, 6.7212, 4.7650, 6.5127, 6.1666, 6.7585, 6.7378,
    7.7546, 6.3167, 7.2596, 5.4840, 6.6182, 6.1359, 5.7302, 6.3650, 4.8881, 5.1743,
    4.1173, 5.1714, 5.3240, 5.6826, 5.7698,
  ]

#### win_rate_100
  Points: 35
  Min: 0.0000, Max: 0.9400, Mean: 0.8471
  Data: [
    0.0000, 0.7900, 0.8500, 0.7300, 0.7800, 0.7700, 0.8900, 0.8600, 0.9200, 0.9300,
    0.8300, 0.9200, 0.9300, 0.9300, 0.8800, 0.9400, 0.8800, 0.8800, 0.8500, 0.8500,
    0.8100, 0.8800, 0.8300, 0.8900, 0.8400, 0.8800, 0.9100, 0.8800, 0.9300, 0.8900,
    0.9400, 0.9300, 0.9000, 0.8700, 0.8600,
  ]


### TIME
#### elapsed_hours
  Points: 35
  Min: 0.0037, Max: 19.8128, Mean: 10.0653
  Data: [
    0.0037, 0.4771, 1.2175, 1.9866, 2.5758, 3.2168, 3.7981, 4.4422, 5.1778, 5.6134,
    6.0384, 6.4993, 7.0429, 7.7907, 8.4003, 9.0410, 9.6529, 10.1602, 10.6445, 11.3544,
    11.8185, 12.5419, 13.0316, 13.7374, 14.0938, 14.7110, 15.2778, 15.8126, 16.3444, 16.8418,
    17.3712, 18.0582, 18.6334, 19.0653, 19.8128,
  ]

#### episodes_per_hour
  Points: 35
  Min: 578.7153, Max: 1603731.4094, Mean: 47302.6077
  Data: [
    1603731.4094, 12694.3292, 5138.2053, 3259.8635, 2576.3192, 2118.8476, 1836.7195, 1610.9219, 1422.6218, 1333.5974,
    1259.6110, 1190.2829, 1119.7043, 1039.1842, 984.0155, 934.1891, 892.5792, 861.7951, 835.7385, 801.0971,
    780.6391, 751.5617, 734.0624, 710.9059, 700.0236, 682.2116, 667.3736, 654.2887, 642.1781, 631.5238,
    620.9135, 607.8124, 597.6358, 590.3930, 578.7153,
  ]

#### gradient_steps_per_second
  Points: 35
  Min: 5.0095, Max: 13533.7202, Mean: 399.3034
  Data: [
    13533.7202, 107.2487, 43.4827, 27.6342, 21.8653, 18.0052, 15.6243, 13.7190, 12.1305, 11.3791,
    10.7549, 10.1700, 9.5743, 8.8949, 8.4294, 8.0090, 7.6578, 7.3979, 7.1783, 6.8860,
    6.7134, 6.4679, 6.3204, 6.1250, 6.0332, 5.8828, 5.7577, 5.6473, 5.5451, 5.4552,
    5.3657, 5.2551, 5.1692, 5.1081, 5.0095,
  ]

#### steps_per_second
  Points: 35
  Min: 13.2245, Max: 42164.2529, Mean: 1242.2531
  Data: [
    42164.2529, 333.1161, 134.9374, 85.6822, 67.7924, 55.8030, 48.2407, 42.0066, 36.6368, 34.1466,
    32.0242, 30.0395, 28.0223, 25.7300, 24.1653, 22.7803, 21.6631, 20.8142, 20.1123, 19.1642,
    18.6177, 17.8436, 17.3866, 16.7632, 16.4807, 15.9734, 15.5439, 15.1702, 14.8233, 14.5581,
    14.2748, 13.9182, 13.6562, 13.4940, 13.2245,
  ]


### EVAL
#### combined_win_rate
  Points: 15
  Min: 0.8700, Max: 0.9900, Mean: 0.9540
  Data: [
    0.9600, 0.8700, 0.9200, 0.9800, 0.9500, 0.9700, 0.9600, 0.9700, 0.9700, 0.9700,
    0.9900, 0.9900, 0.9700, 0.9600, 0.8800,
  ]

#### gif_strong
  Points: 15
  Error: float() argument must be a string or a real number, not 'dict'

#### gif_weak
  Points: 15
  Error: float() argument must be a string or a real number, not 'dict'

#### strong_draws
  Points: 15
  Min: 0.0000, Max: 2.0000, Mean: 0.8000
  Data: [
    1.0000, 2.0000, 1.0000, 1.0000, 2.0000, 0.0000, 0.0000, 1.0000, 1.0000, 1.0000,
    1.0000, 0.0000, 0.0000, 0.0000, 1.0000,
  ]

#### strong_losses
  Points: 15
  Min: 0.0000, Max: 7.0000, Mean: 1.8667
  Data: [
    2.0000, 4.0000, 3.0000, 1.0000, 1.0000, 0.0000, 2.0000, 1.0000, 1.0000, 1.0000,
    0.0000, 1.0000, 2.0000, 2.0000, 7.0000,
  ]

#### strong_mean_reward
  Points: 15
  Min: 5.9448, Max: 9.2225, Mean: 8.2556
  Data: [
    8.0402, 6.9352, 7.3739, 8.7690, 8.5123, 9.2225, 8.4842, 8.6803, 8.6542, 8.3057,
    9.0871, 8.8815, 8.3349, 8.6077, 5.9448,
  ]

#### strong_win_rate
  Points: 15
  Min: 0.8400, Max: 1.0000, Mean: 0.9467
  Data: [
    0.9400, 0.8800, 0.9200, 0.9600, 0.9400, 1.0000, 0.9600, 0.9600, 0.9600, 0.9600,
    0.9800, 0.9800, 0.9600, 0.9600, 0.8400,
  ]

#### strong_wins
  Points: 15
  Min: 42.0000, Max: 50.0000, Mean: 47.3333
  Data: [
    47.0000, 44.0000, 46.0000, 48.0000, 47.0000, 50.0000, 48.0000, 48.0000, 48.0000, 48.0000,
    49.0000, 49.0000, 48.0000, 48.0000, 42.0000,
  ]

#### weak_draws
  Points: 15
  Min: 0.0000, Max: 3.0000, Mean: 0.9333
  Data: [
    0.0000, 3.0000, 3.0000, 0.0000, 1.0000, 2.0000, 0.0000, 0.0000, 1.0000, 0.0000,
    0.0000, 0.0000, 1.0000, 1.0000, 2.0000,
  ]

#### weak_losses
  Points: 15
  Min: 0.0000, Max: 4.0000, Mean: 1.0000
  Data: [
    1.0000, 4.0000, 1.0000, 0.0000, 1.0000, 1.0000, 2.0000, 1.0000, 0.0000, 1.0000,
    0.0000, 0.0000, 0.0000, 1.0000, 2.0000,
  ]

#### weak_mean_reward
  Points: 15
  Min: 7.2324, Max: 9.5732, Mean: 8.8592
  Data: [
    9.0390, 7.2324, 8.3273, 9.5043, 8.9572, 8.3131, 8.6632, 9.1775, 9.2851, 9.0208,
    9.5732, 9.5664, 9.2078, 8.8855, 8.1343,
  ]

#### weak_win_rate
  Points: 15
  Min: 0.8600, Max: 1.0000, Mean: 0.9613
  Data: [
    0.9800, 0.8600, 0.9200, 1.0000, 0.9600, 0.9400, 0.9600, 0.9800, 0.9800, 0.9800,
    1.0000, 1.0000, 0.9800, 0.9600, 0.9200,
  ]

#### weak_wins
  Points: 15
  Min: 43.0000, Max: 50.0000, Mean: 48.0667
  Data: [
    49.0000, 43.0000, 46.0000, 50.0000, 48.0000, 47.0000, 48.0000, 49.0000, 49.0000, 49.0000,
    50.0000, 50.0000, 49.0000, 48.0000, 46.0000,
  ]


### SELFPLAY
#### active
  Points: 35
  Min: 1.0000, Max: 1.0000, Mean: 1.0000
  Data: [
    1.0000, 1.0000, 1.0000, 1.0000, 1.0000, 1.0000, 1.0000, 1.0000, 1.0000, 1.0000,
    1.0000, 1.0000, 1.0000, 1.0000, 1.0000, 1.0000, 1.0000, 1.0000, 1.0000, 1.0000,
    1.0000, 1.0000, 1.0000, 1.0000, 1.0000, 1.0000, 1.0000, 1.0000, 1.0000, 1.0000,
    1.0000, 1.0000, 1.0000, 1.0000, 1.0000,
  ]

#### anchor_ratio_actual
  Points: 35
  Min: 0.0000, Max: 0.4932, Mean: 0.4681
  Data: [
    0.0000, 0.4427, 0.4532, 0.4682, 0.4754, 0.4792, 0.4891, 0.4703, 0.4705, 0.4657,
    0.4670, 0.4749, 0.4722, 0.4795, 0.4814, 0.4847, 0.4823, 0.4871, 0.4870, 0.4882,
    0.4889, 0.4924, 0.4922, 0.4913, 0.4910, 0.4897, 0.4922, 0.4904, 0.4894, 0.4895,
    0.4913, 0.4916, 0.4903, 0.4924, 0.4932,
  ]

#### anchor_strong_count
  Points: 35
  Min: 0.0000, Max: 1367.0000, Mean: 684.6286
  Data: [
    0.0000, 29.0000, 75.0000, 129.0000, 169.0000, 213.0000, 257.0000, 290.0000, 339.0000, 363.0000,
    393.0000, 430.0000, 463.0000, 521.0000, 564.0000, 611.0000, 649.0000, 689.0000, 723.0000, 774.0000,
    807.0000, 862.0000, 896.0000, 944.0000, 968.0000, 1006.0000, 1051.0000, 1084.0000, 1119.0000, 1153.0000,
    1194.0000, 1241.0000, 1277.0000, 1312.0000, 1367.0000,
  ]

#### anchor_weak_count
  Points: 35
  Min: 0.0000, Max: 1366.0000, Mean: 684.6286
  Data: [
    0.0000, 29.0000, 75.0000, 129.0000, 169.0000, 214.0000, 257.0000, 289.0000, 339.0000, 364.0000,
    392.0000, 430.0000, 463.0000, 520.0000, 563.0000, 611.0000, 649.0000, 690.0000, 724.0000, 774.0000,
    807.0000, 862.0000, 896.0000, 943.0000, 967.0000, 1007.0000, 1051.0000, 1084.0000, 1118.0000, 1153.0000,
    1194.0000, 1242.0000, 1278.0000, 1313.0000, 1366.0000,
  ]

#### anchor_weak_ratio
  Points: 34
  Min: 0.4972, Max: 0.6000, Mean: 0.5029
  Data: [
    0.6000, 0.5000, 0.4972, 0.5000, 0.5014, 0.5011, 0.5000, 0.5000, 0.5000, 0.5000,
    0.5000, 0.4994, 0.4995, 0.5000, 0.4996, 0.5000, 0.5000, 0.4996, 0.5000, 0.4997,
    0.5000, 0.5003, 0.5003, 0.5000, 0.5003, 0.5000, 0.5000, 0.5002, 0.5000, 0.4998,
    0.5002, 0.5000, 0.5002, 0.4998,
  ]

#### current_opponent_episode
  Points: 35
  Min: 5925.0000, Max: 10000.0000, Mean: 7346.4286
  Data: [
    5925.0000, 5925.0000, 6000.0000, 6000.0000, 6500.0000, 6000.0000, 6500.0000, 6500.0000, 6000.0000, 7000.0000,
    7500.0000, 7500.0000, 7500.0000, 6500.0000, 8000.0000, 8000.0000, 6000.0000, 7000.0000, 8500.0000, 8500.0000,
    5925.0000, 8000.0000, 9000.0000, 9000.0000, 5925.0000, 7500.0000, 10000.0000, 8500.0000, 10000.0000, 7500.0000,
    6000.0000, 8500.0000, 8000.0000, 5925.0000, 10000.0000,
  ]

#### current_opponent_idx
  Points: 35
  Min: 0.0000, Max: 9.0000, Mean: 3.5714
  Data: [
    0.0000, 0.0000, 1.0000, 1.0000, 2.0000, 1.0000, 2.0000, 2.0000, 1.0000, 3.0000,
    4.0000, 4.0000, 4.0000, 2.0000, 5.0000, 5.0000, 1.0000, 3.0000, 6.0000, 6.0000,
    0.0000, 5.0000, 7.0000, 7.0000, 0.0000, 4.0000, 9.0000, 6.0000, 9.0000, 4.0000,
    1.0000, 6.0000, 5.0000, 0.0000, 9.0000,
  ]

#### episodes_since_activation
  Points: 35
  Min: 1.0000, Max: 5541.0000, Mean: 2810.1429
  Data: [
    1.0000, 131.0000, 331.0000, 551.0000, 711.0000, 891.0000, 1051.0000, 1231.0000, 1441.0000, 1561.0000,
    1681.0000, 1811.0000, 1961.0000, 2171.0000, 2341.0000, 2521.0000, 2691.0000, 2831.0000, 2971.0000, 3171.0000,
    3301.0000, 3501.0000, 3641.0000, 3841.0000, 3941.0000, 4111.0000, 4271.0000, 4421.0000, 4571.0000, 4711.0000,
    4861.0000, 5051.0000, 5211.0000, 5331.0000, 5541.0000,
  ]

#### newest_opponent_episode
  Points: 35
  Min: 5925.0000, Max: 11000.0000, Mean: 8469.2857
  Data: [
    5925.0000, 6000.0000, 6000.0000, 6000.0000, 6500.0000, 6500.0000, 6500.0000, 7000.0000, 7000.0000, 7000.0000,
    7500.0000, 7500.0000, 7500.0000, 8000.0000, 8000.0000, 8000.0000, 8500.0000, 8500.0000, 8500.0000, 9000.0000,
    9000.0000, 9000.0000, 9500.0000, 9500.0000, 9500.0000, 10000.0000, 10000.0000, 10000.0000, 10000.0000, 10500.0000,
    10500.0000, 10500.0000, 11000.0000, 11000.0000, 11000.0000,
  ]

#### oldest_opponent_episode
  Points: 35
  Min: 5925.0000, Max: 5925.0000, Mean: 5925.0000
  Data: [
    5925.0000, 5925.0000, 5925.0000, 5925.0000, 5925.0000, 5925.0000, 5925.0000, 5925.0000, 5925.0000, 5925.0000,
    5925.0000, 5925.0000, 5925.0000, 5925.0000, 5925.0000, 5925.0000, 5925.0000, 5925.0000, 5925.0000, 5925.0000,
    5925.0000, 5925.0000, 5925.0000, 5925.0000, 5925.0000, 5925.0000, 5925.0000, 5925.0000, 5925.0000, 5925.0000,
    5925.0000, 5925.0000, 5925.0000, 5925.0000, 5925.0000,
  ]

#### pfsp_avg_winrate
  Points: 34
  Min: 0.5000, Max: 0.8920, Mean: 0.8174
  Data: [
    0.5000, 0.5809, 0.7333, 0.7550, 0.6033, 0.7071, 0.7447, 0.8161, 0.8557, 0.8850,
    0.8420, 0.8690, 0.8920, 0.8672, 0.8782, 0.8369, 0.8556, 0.8516, 0.8692, 0.8355,
    0.8438, 0.8189, 0.8399, 0.8436, 0.8577, 0.8473, 0.8634, 0.8787, 0.8670, 0.8690,
    0.8846, 0.8672, 0.8600, 0.8726,
  ]

#### pfsp_max_winrate
  Points: 34
  Min: 0.5000, Max: 0.9900, Mean: 0.9471
  Data: [
    0.5000, 0.7500, 0.9000, 0.9200, 0.9300, 0.9500, 0.9400, 0.9300, 0.9300, 0.9400,
    0.9400, 0.9500, 0.9700, 0.9800, 0.9800, 0.9800, 0.9800, 0.9800, 0.9700, 0.9700,
    0.9800, 0.9800, 0.9800, 0.9800, 0.9800, 0.9900, 0.9900, 0.9900, 0.9900, 0.9900,
    0.9900, 0.9900, 0.9900, 0.9900,
  ]

#### pfsp_min_winrate
  Points: 34
  Min: 0.2000, Max: 0.7800, Mean: 0.5538
  Data: [
    0.5000, 0.4118, 0.5667, 0.5900, 0.2000, 0.3714, 0.5789, 0.6842, 0.7128, 0.7600,
    0.6000, 0.6849, 0.7800, 0.5833, 0.5789, 0.4444, 0.5294, 0.4815, 0.5443, 0.4839,
    0.5000, 0.4886, 0.5600, 0.5900, 0.6197, 0.6000, 0.6000, 0.6667, 0.6154, 0.5200,
    0.5435, 0.5231, 0.4444, 0.4717,
  ]

#### pfsp_num_tracked
  Points: 34
  Min: 1.0000, Max: 12.0000, Mean: 6.9118
  Data: [
    1.0000, 2.0000, 2.0000, 2.0000, 3.0000, 3.0000, 4.0000, 4.0000, 4.0000, 4.0000,
    5.0000, 5.0000, 5.0000, 6.0000, 6.0000, 7.0000, 7.0000, 7.0000, 7.0000, 8.0000,
    8.0000, 9.0000, 9.0000, 9.0000, 9.0000, 10.0000, 10.0000, 10.0000, 11.0000, 11.0000,
    11.0000, 12.0000, 12.0000, 12.0000,
  ]

#### pfsp_std_winrate
  Points: 34
  Min: 0.0000, Max: 0.3029, Mean: 0.1451
  Data: [
    0.0000, 0.1691, 0.1667, 0.1650, 0.3029, 0.2452, 0.1622, 0.0956, 0.0844, 0.0730,
    0.1284, 0.0982, 0.0736, 0.1334, 0.1360, 0.1866, 0.1575, 0.1715, 0.1473, 0.1802,
    0.1706, 0.1817, 0.1542, 0.1489, 0.1363, 0.1418, 0.1300, 0.1118, 0.1263, 0.1385,
    0.1286, 0.1502, 0.1745, 0.1637,
  ]

#### pool_size
  Points: 35
  Min: 1.0000, Max: 12.0000, Mean: 6.9143
  Data: [
    1.0000, 2.0000, 2.0000, 2.0000, 3.0000, 3.0000, 3.0000, 4.0000, 4.0000, 4.0000,
    5.0000, 5.0000, 5.0000, 6.0000, 6.0000, 6.0000, 7.0000, 7.0000, 7.0000, 8.0000,
    8.0000, 8.0000, 9.0000, 9.0000, 9.0000, 10.0000, 10.0000, 10.0000, 10.0000, 11.0000,
    11.0000, 11.0000, 12.0000, 12.0000, 12.0000,
  ]

#### selfplay_count
  Points: 35
  Min: 1.0000, Max: 2808.0000, Mean: 1440.8857
  Data: [
    1.0000, 73.0000, 181.0000, 293.0000, 373.0000, 464.0000, 537.0000, 652.0000, 763.0000, 834.0000,
    896.0000, 951.0000, 1035.0000, 1130.0000, 1214.0000, 1299.0000, 1393.0000, 1452.0000, 1524.0000, 1623.0000,
    1687.0000, 1777.0000, 1849.0000, 1954.0000, 2006.0000, 2098.0000, 2169.0000, 2253.0000, 2334.0000, 2405.0000,
    2473.0000, 2568.0000, 2656.0000, 2706.0000, 2808.0000,
  ]

#### selfplay_ratio_actual
  Points: 35
  Min: 0.5068, Max: 1.0000, Mean: 0.5319
  Data: [
    1.0000, 0.5573, 0.5468, 0.5318, 0.5246, 0.5208, 0.5109, 0.5297, 0.5295, 0.5343,
    0.5330, 0.5251, 0.5278, 0.5205, 0.5186, 0.5153, 0.5177, 0.5129, 0.5130, 0.5118,
    0.5111, 0.5076, 0.5078, 0.5087, 0.5090, 0.5103, 0.5078, 0.5096, 0.5106, 0.5105,
    0.5087, 0.5084, 0.5097, 0.5076, 0.5068,
  ]

#### weak_ratio_target
  Points: 35
  Min: 0.5000, Max: 0.5000, Mean: 0.5000
  Data: [
    0.5000, 0.5000, 0.5000, 0.5000, 0.5000, 0.5000, 0.5000, 0.5000, 0.5000, 0.5000,
    0.5000, 0.5000, 0.5000, 0.5000, 0.5000, 0.5000, 0.5000, 0.5000, 0.5000, 0.5000,
    0.5000, 0.5000, 0.5000, 0.5000, 0.5000, 0.5000, 0.5000, 0.5000, 0.5000, 0.5000,
    0.5000, 0.5000, 0.5000, 0.5000, 0.5000,
  ]

#### winrate_middle_third
  Points: 34
  Min: 0.5000, Max: 0.9650, Mean: 0.8720
  Data: [
    0.5000, 0.5312, 0.5547, 0.5924, 0.6750, 0.7050, 0.7500, 0.8150, 0.8650, 0.8950,
    0.9200, 0.9150, 0.9250, 0.9400, 0.9550, 0.9550, 0.9550, 0.9550, 0.9550, 0.9550,
    0.9550, 0.9500, 0.9650, 0.9650, 0.9650, 0.9650, 0.9450, 0.9350, 0.9450, 0.9400,
    0.9500, 0.9550, 0.9500, 0.9500,
  ]

#### winrate_newest_third
  Points: 31
  Min: 0.0000, Max: 0.8000, Mean: 0.6535
  Data: [
    0.0000, 0.2000, 0.4026, 0.5188, 0.5723, 0.6150, 0.6900, 0.7100, 0.7300, 0.7750,
    0.7550, 0.7550, 0.7900, 0.7350, 0.6900, 0.6900, 0.6350, 0.6200, 0.6100, 0.6200,
    0.6650, 0.7000, 0.7300, 0.7450, 0.7800, 0.7900, 0.8000, 0.7950, 0.7500, 0.7100,
    0.6800,
  ]

#### winrate_oldest_third
  Points: 34
  Min: 0.5000, Max: 0.9750, Mean: 0.9188
  Data: [
    0.5000, 0.7500, 0.8361, 0.8483, 0.8599, 0.8659, 0.8656, 0.8900, 0.9200, 0.9300,
    0.9400, 0.9250, 0.9300, 0.9450, 0.9400, 0.9400, 0.9450, 0.9600, 0.9600, 0.9600,
    0.9600, 0.9600, 0.9600, 0.9600, 0.9600, 0.9700, 0.9650, 0.9700, 0.9700, 0.9700,
    0.9700, 0.9700, 0.9700, 0.9750,
  ]

#### winrate_vs_pool_overall
  Points: 34
  Min: 0.5000, Max: 0.8680, Mean: 0.7815
  Data: [
    0.5000, 0.6753, 0.7217, 0.6945, 0.6933, 0.6851, 0.7100, 0.7280, 0.7660, 0.8000,
    0.8140, 0.8400, 0.8580, 0.8680, 0.8520, 0.8480, 0.8460, 0.8340, 0.8240, 0.7920,
    0.7860, 0.7500, 0.7540, 0.7560, 0.7560, 0.7700, 0.7860, 0.8080, 0.8360, 0.8460,
    0.8620, 0.8560, 0.8380, 0.8180,
  ]


### WORLD
#### continue_actual_mean
  Points: 35
  Min: 0.9768, Max: 0.9940, Mean: 0.9851
  Data: [
    0.9839, 0.9768, 0.9940, 0.9879, 0.9889, 0.9879, 0.9849, 0.9889, 0.9819, 0.9869,
    0.9839, 0.9808, 0.9919, 0.9808, 0.9889, 0.9879, 0.9839, 0.9839, 0.9839, 0.9839,
    0.9819, 0.9839, 0.9829, 0.9849, 0.9829, 0.9859, 0.9899, 0.9879, 0.9849, 0.9849,
    0.9788, 0.9819, 0.9839, 0.9849, 0.9879,
  ]

#### continue_loss
  Points: 35
  Min: 0.0001, Max: 0.0084, Mean: 0.0012
  Data: [
    0.0019, 0.0025, 0.0003, 0.0001, 0.0001, 0.0007, 0.0012, 0.0002, 0.0004, 0.0009,
    0.0009, 0.0006, 0.0001, 0.0084, 0.0002, 0.0002, 0.0001, 0.0010, 0.0002, 0.0012,
    0.0008, 0.0025, 0.0040, 0.0007, 0.0012, 0.0017, 0.0003, 0.0003, 0.0045, 0.0009,
    0.0004, 0.0007, 0.0005, 0.0013, 0.0014,
  ]

#### continue_pred_mean
  Points: 35
  Min: 0.9763, Max: 0.9937, Mean: 0.9851
  Data: [
    0.9839, 0.9763, 0.9937, 0.9878, 0.9888, 0.9883, 0.9848, 0.9890, 0.9815, 0.9870,
    0.9841, 0.9805, 0.9919, 0.9836, 0.9887, 0.9878, 0.9838, 0.9846, 0.9838, 0.9832,
    0.9816, 0.9827, 0.9825, 0.9851, 0.9835, 0.9850, 0.9901, 0.9881, 0.9859, 0.9854,
    0.9790, 0.9813, 0.9836, 0.9844, 0.9883,
  ]

#### kl_loss
  Points: 35
  Min: 2.7767, Max: 4.2628, Mean: 3.6497
  Data: [
    2.7767, 3.0597, 3.6154, 3.2992, 3.8164, 3.8841, 4.2586, 3.8820, 3.5599, 3.6152,
    3.9967, 3.6453, 4.0159, 3.6086, 3.9707, 3.8951, 3.7761, 3.5177, 3.3573, 3.6815,
    3.6857, 3.9264, 3.6343, 3.7409, 4.2628, 3.4538, 3.9265, 3.7496, 3.4072, 3.4867,
    3.1959, 3.3076, 3.6889, 3.2969, 3.7442,
  ]

#### latent_entropy
  Points: 35
  Min: 1.3148, Max: 1.4733, Mean: 1.4048
  Data: [
    1.4042, 1.3171, 1.3148, 1.3525, 1.3332, 1.3476, 1.3500, 1.3776, 1.3590, 1.3717,
    1.3404, 1.3935, 1.3836, 1.3691, 1.4049, 1.3905, 1.3944, 1.4082, 1.4153, 1.4472,
    1.4405, 1.4485, 1.4324, 1.4371, 1.4302, 1.4415, 1.4512, 1.4733, 1.4482, 1.4540,
    1.4342, 1.4573, 1.4346, 1.4523, 1.4567,
  ]

#### loss
  Points: 35
  Min: 19.9107, Max: 21.6264, Mean: 20.8560
  Data: [
    19.9107, 20.2840, 20.7322, 20.3592, 21.0011, 21.0545, 21.5085, 21.1309, 20.8155, 20.7803,
    21.1797, 20.8034, 21.1776, 20.8207, 21.2232, 21.1655, 20.9490, 20.7671, 20.5039, 20.8926,
    20.9144, 21.1469, 20.8574, 21.0016, 21.6264, 20.6697, 21.0803, 20.9789, 20.6733, 20.7319,
    20.4456, 20.4869, 20.8938, 20.4522, 20.9423,
  ]

#### prior_posterior_kl
  Points: 35
  Min: 0.2190, Max: 0.3044, Mean: 0.2691
  Data: [
    0.2190, 0.2350, 0.2672, 0.2489, 0.2790, 0.2826, 0.3039, 0.2826, 0.2642, 0.2671,
    0.2890, 0.2686, 0.2901, 0.2668, 0.2878, 0.2833, 0.2765, 0.2616, 0.2522, 0.2712,
    0.2713, 0.2851, 0.2683, 0.2745, 0.3044, 0.2577, 0.2852, 0.2747, 0.2556, 0.2600,
    0.2426, 0.2493, 0.2716, 0.2488, 0.2746,
  ]

#### recon_error_max
  Points: 35
  Min: 0.2996, Max: 1.6783, Mean: 0.6961
  Data: [
    0.3356, 0.6491, 0.2996, 0.3214, 0.3437, 0.7833, 0.5906, 1.4664, 0.3895, 1.2804,
    0.3982, 0.4239, 1.1478, 0.6163, 0.6936, 0.8837, 1.5664, 0.7550, 0.7832, 0.3177,
    0.7937, 0.5878, 0.7150, 1.0542, 0.7094, 0.4517, 0.6584, 0.4409, 0.7248, 0.3550,
    1.6783, 0.4644, 0.4883, 0.6941, 0.5029,
  ]

#### recon_error_mean
  Points: 35
  Min: 0.0231, Max: 0.0380, Mean: 0.0304
  Data: [
    0.0231, 0.0292, 0.0315, 0.0265, 0.0308, 0.0320, 0.0380, 0.0341, 0.0273, 0.0293,
    0.0317, 0.0290, 0.0306, 0.0296, 0.0359, 0.0364, 0.0307, 0.0291, 0.0267, 0.0284,
    0.0328, 0.0314, 0.0304, 0.0326, 0.0354, 0.0300, 0.0314, 0.0317, 0.0282, 0.0288,
    0.0269, 0.0267, 0.0312, 0.0265, 0.0311,
  ]

#### recon_error_std
  Points: 35
  Min: 0.0323, Max: 0.0728, Mean: 0.0475
  Data: [
    0.0323, 0.0506, 0.0353, 0.0339, 0.0377, 0.0529, 0.0560, 0.0728, 0.0365, 0.0582,
    0.0414, 0.0392, 0.0521, 0.0397, 0.0499, 0.0719, 0.0638, 0.0503, 0.0442, 0.0344,
    0.0518, 0.0458, 0.0536, 0.0605, 0.0528, 0.0419, 0.0404, 0.0433, 0.0467, 0.0376,
    0.0655, 0.0394, 0.0411, 0.0486, 0.0411,
  ]

#### recon_loss
  Points: 35
  Min: 16.7487, Max: 16.8833, Mean: 16.8148
  Data: [
    16.7487, 16.8038, 16.8243, 16.7796, 16.8182, 16.8286, 16.8833, 16.8476, 16.7865, 16.8049,
    16.8258, 16.8016, 16.8166, 16.8070, 16.8636, 16.8689, 16.8171, 16.8027, 16.7813, 16.7967,
    16.8358, 16.8235, 16.8141, 16.8345, 16.8596, 16.8107, 16.8239, 16.8262, 16.7947, 16.8003,
    16.7827, 16.7815, 16.8221, 16.7797, 16.8206,
  ]

#### reward_actual_mean
  Points: 35
  Min: -0.0197, Max: 0.0817, Mean: 0.0413
  Data: [
    0.0681, 0.0817, 0.0173, 0.0449, 0.0392, 0.0166, 0.0486, -0.0197, 0.0617, 0.0431,
    0.0502, 0.0593, 0.0221, 0.0558, 0.0227, 0.0169, 0.0383, 0.0239, 0.0420, 0.0522,
    0.0413, 0.0499, 0.0483, 0.0326, 0.0381, 0.0623, 0.0380, 0.0353, 0.0310, 0.0473,
    0.0459, 0.0600, 0.0379, 0.0467, 0.0475,
  ]

#### reward_loss
  Points: 35
  Min: 0.2281, Max: 0.3222, Mean: 0.2828
  Data: [
    0.3112, 0.3222, 0.2281, 0.2330, 0.2606, 0.2594, 0.2802, 0.3034, 0.3013, 0.2617,
    0.2743, 0.2724, 0.2537, 0.2928, 0.2784, 0.2977, 0.2755, 0.2867, 0.2901, 0.3043,
    0.2918, 0.3138, 0.3059, 0.2857, 0.2935, 0.2747, 0.2540, 0.2707, 0.3072, 0.3162,
    0.2958, 0.2818, 0.2640, 0.2720, 0.2834,
  ]

#### reward_pred_error_mean
  Points: 35
  Min: 0.0036, Max: 0.0190, Mean: 0.0087
  Data: [
    0.0190, 0.0102, 0.0036, 0.0049, 0.0095, 0.0064, 0.0102, 0.0068, 0.0123, 0.0067,
    0.0068, 0.0068, 0.0054, 0.0102, 0.0097, 0.0090, 0.0084, 0.0106, 0.0055, 0.0117,
    0.0102, 0.0080, 0.0118, 0.0095, 0.0083, 0.0100, 0.0078, 0.0065, 0.0085, 0.0073,
    0.0083, 0.0099, 0.0087, 0.0087, 0.0081,
  ]

#### reward_pred_error_std
  Points: 35
  Min: 0.0113, Max: 0.1178, Mean: 0.0503
  Data: [
    0.1178, 0.0687, 0.0113, 0.0254, 0.0644, 0.0433, 0.0785, 0.0415, 0.0637, 0.0298,
    0.0289, 0.0238, 0.0197, 0.0510, 0.0640, 0.0516, 0.0468, 0.0581, 0.0306, 0.0618,
    0.0918, 0.0482, 0.0891, 0.0388, 0.0430, 0.0555, 0.0547, 0.0343, 0.0508, 0.0450,
    0.0387, 0.0527, 0.0336, 0.0519, 0.0522,
  ]

#### reward_pred_mean
  Points: 35
  Min: -0.0172, Max: 0.0814, Mean: 0.0433
  Data: [
    0.0798, 0.0814, 0.0164, 0.0461, 0.0435, 0.0167, 0.0482, -0.0172, 0.0586, 0.0435,
    0.0522, 0.0606, 0.0235, 0.0555, 0.0277, 0.0217, 0.0403, 0.0280, 0.0415, 0.0563,
    0.0462, 0.0528, 0.0565, 0.0333, 0.0381, 0.0673, 0.0401, 0.0363, 0.0303, 0.0465,
    0.0486, 0.0617, 0.0410, 0.0451, 0.0480,
  ]


### AUX
#### goal_accuracy
  Points: 35
  Min: 0.9274, Max: 0.9929, Mean: 0.9644
  Data: [
    0.9728, 0.9667, 0.9819, 0.9929, 0.9637, 0.9748, 0.9788, 0.9748, 0.9385, 0.9788,
    0.9748, 0.9738, 0.9708, 0.9617, 0.9708, 0.9718, 0.9808, 0.9476, 0.9778, 0.9607,
    0.9748, 0.9788, 0.9637, 0.9476, 0.9375, 0.9567, 0.9758, 0.9536, 0.9274, 0.9567,
    0.9284, 0.9536, 0.9556, 0.9587, 0.9698,
  ]

#### goal_loss
  Points: 35
  Min: 0.0254, Max: 0.1728, Mean: 0.0851
  Data: [
    0.0537, 0.0804, 0.0366, 0.0254, 0.0837, 0.0568, 0.0566, 0.0733, 0.1469, 0.0766,
    0.0604, 0.0627, 0.0649, 0.0854, 0.0829, 0.0829, 0.0561, 0.1404, 0.0554, 0.0871,
    0.0674, 0.0587, 0.0821, 0.1184, 0.1728, 0.1022, 0.0522, 0.1089, 0.1401, 0.1003,
    0.1534, 0.0933, 0.0994, 0.0884, 0.0732,
  ]

#### goal_positive_rate
  Points: 35
  Min: 0.0716, Max: 0.2681, Mean: 0.1724
  Data: [
    0.1593, 0.2510, 0.0716, 0.0978, 0.1371, 0.0978, 0.1683, 0.1240, 0.1895, 0.1673,
    0.1784, 0.2308, 0.1058, 0.2177, 0.1139, 0.1633, 0.1804, 0.1875, 0.1643, 0.1562,
    0.2218, 0.1935, 0.1986, 0.2067, 0.2208, 0.1633, 0.0988, 0.1552, 0.1925, 0.1875,
    0.2681, 0.2349, 0.2067, 0.1704, 0.1532,
  ]

#### goal_pred_positive_rate
  Points: 35
  Min: 0.0696, Max: 0.2480, Mean: 0.1642
  Data: [
    0.1643, 0.2480, 0.0696, 0.0968, 0.1552, 0.0968, 0.1613, 0.1250, 0.1421, 0.1482,
    0.1673, 0.2167, 0.1149, 0.2177, 0.1149, 0.1472, 0.1754, 0.1552, 0.1603, 0.1754,
    0.2107, 0.1784, 0.1724, 0.2046, 0.1683, 0.1784, 0.1048, 0.1714, 0.1663, 0.1522,
    0.2409, 0.2288, 0.1804, 0.1694, 0.1673,
  ]

#### puck_goal_dist_actual_mean
  Points: 35
  Min: 2.3365, Max: 3.1930, Mean: 2.7839
  Data: [
    2.3365, 2.5035, 2.7708, 2.6641, 2.7764, 2.8180, 3.1930, 2.8919, 2.8807, 2.6133,
    2.8990, 2.8504, 2.8052, 2.7383, 2.9334, 2.8757, 2.8346, 2.6316, 2.8437, 2.8147,
    3.0998, 3.0054, 2.5516, 2.8284, 3.1000, 2.6380, 2.8254, 2.7170, 2.8324, 2.8720,
    2.7307, 2.5759, 2.6701, 2.5431, 2.7703,
  ]

#### puck_goal_dist_error
  Points: 35
  Min: 0.0816, Max: 0.1211, Mean: 0.1010
  Data: [
    0.0941, 0.0816, 0.1107, 0.1007, 0.0984, 0.1081, 0.1049, 0.1073, 0.0977, 0.0945,
    0.1033, 0.1011, 0.1048, 0.0915, 0.1112, 0.0967, 0.1052, 0.0909, 0.0907, 0.1048,
    0.1182, 0.1049, 0.0905, 0.0979, 0.1211, 0.1096, 0.1043, 0.1060, 0.0970, 0.1106,
    0.0875, 0.1055, 0.0974, 0.0886, 0.0983,
  ]

#### puck_goal_dist_loss
  Points: 35
  Min: 0.0132, Max: 0.0359, Mean: 0.0218
  Data: [
    0.0175, 0.0151, 0.0269, 0.0212, 0.0216, 0.0242, 0.0277, 0.0232, 0.0198, 0.0204,
    0.0214, 0.0203, 0.0256, 0.0182, 0.0270, 0.0202, 0.0232, 0.0179, 0.0191, 0.0210,
    0.0323, 0.0217, 0.0164, 0.0210, 0.0359, 0.0257, 0.0225, 0.0227, 0.0190, 0.0269,
    0.0166, 0.0212, 0.0185, 0.0132, 0.0186,
  ]

#### puck_goal_dist_pred_mean
  Points: 35
  Min: 2.3685, Max: 3.1847, Mean: 2.7842
  Data: [
    2.3685, 2.4953, 2.7655, 2.6876, 2.7996, 2.8259, 3.1847, 2.8751, 2.8572, 2.6327,
    2.9083, 2.8536, 2.7965, 2.7498, 2.9487, 2.8853, 2.8172, 2.6522, 2.8127, 2.7903,
    3.0686, 2.9934, 2.5436, 2.8348, 3.0939, 2.6186, 2.8231, 2.7243, 2.8443, 2.9171,
    2.7355, 2.5549, 2.6730, 2.5314, 2.7844,
  ]

#### shot_quality_actual_mean
  Points: 35
  Min: 0.0937, Max: 0.1597, Mean: 0.1191
  Data: [
    0.1597, 0.1464, 0.0947, 0.1307, 0.1029, 0.1142, 0.0937, 0.1132, 0.1241, 0.1369,
    0.1063, 0.1204, 0.1074, 0.1224, 0.0969, 0.1059, 0.1234, 0.1325, 0.1188, 0.1152,
    0.1018, 0.0964, 0.1358, 0.1113, 0.1016, 0.1321, 0.1090, 0.1229, 0.1158, 0.1128,
    0.1274, 0.1453, 0.1318, 0.1334, 0.1242,
  ]

#### shot_quality_loss
  Points: 35
  Min: 0.0003, Max: 0.0011, Mean: 0.0006
  Data: [
    0.0010, 0.0004, 0.0006, 0.0007, 0.0004, 0.0006, 0.0009, 0.0011, 0.0007, 0.0006,
    0.0004, 0.0006, 0.0008, 0.0003, 0.0004, 0.0006, 0.0008, 0.0007, 0.0004, 0.0008,
    0.0005, 0.0004, 0.0007, 0.0006, 0.0007, 0.0008, 0.0009, 0.0006, 0.0005, 0.0006,
    0.0008, 0.0008, 0.0004, 0.0008, 0.0007,
  ]

#### shot_quality_pred_mean
  Points: 35
  Min: 0.0929, Max: 0.1617, Mean: 0.1187
  Data: [
    0.1617, 0.1453, 0.0949, 0.1264, 0.1009, 0.1143, 0.0929, 0.1167, 0.1223, 0.1337,
    0.1069, 0.1206, 0.1073, 0.1214, 0.0968, 0.1035, 0.1250, 0.1312, 0.1176, 0.1120,
    0.1041, 0.0957, 0.1351, 0.1120, 0.1023, 0.1287, 0.1085, 0.1225, 0.1164, 0.1140,
    0.1267, 0.1459, 0.1328, 0.1339, 0.1254,
  ]

#### total_loss
  Points: 35
  Min: 0.0473, Max: 0.2094, Mean: 0.1076
  Data: [
    0.0722, 0.0958, 0.0641, 0.0473, 0.1057, 0.0817, 0.0852, 0.0977, 0.1674, 0.0976,
    0.0821, 0.0835, 0.0913, 0.1040, 0.1103, 0.1037, 0.0801, 0.1590, 0.0749, 0.1089,
    0.1002, 0.0808, 0.0991, 0.1399, 0.2094, 0.1287, 0.0755, 0.1321, 0.1596, 0.1279,
    0.1708, 0.1153, 0.1184, 0.1024, 0.0926,
  ]


### BEHAVIOR
#### actor_loss
  Points: 35
  Min: -0.0544, Max: 0.0168, Mean: 0.0003
  Data: [
    -0.0544, 0.0048, -0.0015, 0.0015, -0.0030, 0.0041, 0.0023, 0.0168, 0.0099, -0.0010,
    0.0028, -0.0009, -0.0082, 0.0031, 0.0039, 0.0002, 0.0038, -0.0119, 0.0054, 0.0058,
    -0.0038, -0.0007, 0.0062, 0.0015, 0.0014, -0.0009, 0.0065, 0.0101, 0.0062, -0.0035,
    0.0040, 0.0006, -0.0069, -0.0026, 0.0096,
  ]

#### actor_mean_abs
  Points: 35
  Min: 0.3263, Max: 0.5045, Mean: 0.3868
  Data: [
    0.5045, 0.3263, 0.3569, 0.3586, 0.3768, 0.3738, 0.3709, 0.3888, 0.3981, 0.3508,
    0.3885, 0.3815, 0.3717, 0.3724, 0.3795, 0.3983, 0.3878, 0.3941, 0.3793, 0.4072,
    0.3808, 0.3928, 0.3822, 0.4364, 0.3944, 0.3987, 0.3833, 0.3841, 0.3824, 0.4183,
    0.3887, 0.3705, 0.3921, 0.3753, 0.3914,
  ]

#### advantages_abs_mean
  Points: 35
  Min: 0.0530, Max: 0.2560, Mean: 0.0739
  Data: [
    0.2560, 0.0616, 0.0770, 0.0671, 0.0726, 0.0654, 0.0737, 0.0863, 0.0872, 0.0675,
    0.0759, 0.0875, 0.0571, 0.0610, 0.0720, 0.0743, 0.0614, 0.0732, 0.0530, 0.0639,
    0.0609, 0.0712, 0.0604, 0.0752, 0.0770, 0.0552, 0.0679, 0.0740, 0.0667, 0.0717,
    0.0621, 0.0567, 0.0611, 0.0579, 0.0734,
  ]

#### advantages_max
  Points: 35
  Min: 1.1470, Max: 5.3427, Mean: 1.9122
  Data: [
    5.3427, 1.1470, 1.4976, 1.3912, 1.8342, 1.1796, 1.9045, 1.8667, 1.8830, 2.0697,
    1.9183, 2.8823, 1.7331, 1.5426, 2.1008, 2.3598, 2.5345, 2.2984, 1.3692, 1.8451,
    1.3899, 1.9074, 1.8784, 1.5710, 1.6780, 1.5787, 1.5861, 1.1801, 1.9979, 2.1447,
    2.0839, 1.4067, 2.5865, 1.6133, 1.6246,
  ]

#### advantages_mean
  Points: 35
  Min: -0.0081, Max: 0.0457, Mean: 0.0053
  Data: [
    0.0457, 0.0207, 0.0026, 0.0049, -0.0024, -0.0027, 0.0086, -0.0002, 0.0034, 0.0006,
    0.0090, -0.0054, 0.0078, 0.0102, 0.0087, 0.0049, 0.0088, 0.0087, 0.0062, 0.0058,
    -0.0048, 0.0032, 0.0038, -0.0014, -0.0007, 0.0087, 0.0046, -0.0081, -0.0047, 0.0055,
    0.0046, 0.0073, 0.0090, 0.0040, 0.0097,
  ]

#### advantages_min
  Points: 35
  Min: -4.4782, Max: -1.4383, Mean: -2.5393
  Data: [
    -4.4782, -1.4383, -2.9934, -2.4289, -2.7865, -2.0355, -2.0232, -3.2162, -2.8137, -2.3657,
    -2.4387, -3.4463, -1.7784, -2.7877, -2.6501, -2.2178, -2.7799, -2.6495, -2.9631, -2.9625,
    -2.6351, -1.5402, -2.1150, -2.2514, -2.3423, -2.1078, -2.3656, -3.2075, -2.9410, -1.9998,
    -2.4122, -2.0501, -2.5418, -2.7781, -2.3354,
  ]

#### advantages_std
  Points: 35
  Min: 0.1175, Max: 0.5407, Mean: 0.1642
  Data: [
    0.5407, 0.1180, 0.1499, 0.1408, 0.1563, 0.1297, 0.1532, 0.1988, 0.2032, 0.1505,
    0.1607, 0.1950, 0.1330, 0.1398, 0.1507, 0.1666, 0.1430, 0.1697, 0.1218, 0.1419,
    0.1319, 0.1339, 0.1386, 0.1693, 0.1659, 0.1175, 0.1582, 0.2011, 0.1843, 0.1539,
    0.1528, 0.1337, 0.1514, 0.1307, 0.1607,
  ]

#### critic_loss
  Points: 35
  Min: 0.6671, Max: 0.8725, Mean: 0.7671
  Data: [
    0.7767, 0.8483, 0.8339, 0.7621, 0.7557, 0.8425, 0.8725, 0.8003, 0.8218, 0.7661,
    0.7705, 0.8105, 0.6741, 0.7341, 0.7826, 0.7942, 0.7478, 0.7709, 0.6855, 0.7716,
    0.7481, 0.7955, 0.7060, 0.7707, 0.8333, 0.6671, 0.7662, 0.7678, 0.7375, 0.7981,
    0.7328, 0.6936, 0.6848, 0.7117, 0.8150,
  ]

#### entropy_max
  Points: 35
  Min: 7.5670, Max: 7.6734, Mean: 7.6500
  Data: [
    7.6734, 7.6526, 7.5778, 7.6528, 7.6649, 7.6634, 7.6637, 7.6586, 7.5670, 7.6096,
    7.6239, 7.6524, 7.6402, 7.6637, 7.6515, 7.6650, 7.6641, 7.6675, 7.6718, 7.6425,
    7.6652, 7.6686, 7.6637, 7.6409, 7.6053, 7.6390, 7.6672, 7.6420, 7.6532, 7.6668,
    7.6545, 7.6550, 7.6652, 7.6690, 7.6691,
  ]

#### entropy_mean
  Points: 35
  Min: 2.8435, Max: 3.5900, Mean: 3.1409
  Data: [
    3.5900, 3.5667, 2.9411, 3.3969, 3.1647, 3.2126, 3.2395, 3.0204, 2.9759, 3.1174,
    2.8925, 3.2085, 3.0456, 3.2256, 2.8466, 2.8977, 3.0721, 3.2216, 3.1913, 2.9574,
    3.0130, 3.1554, 3.0764, 2.9388, 3.3001, 3.2184, 3.3902, 3.3049, 3.1190, 2.8435,
    3.2689, 3.2440, 2.9600, 3.2240, 3.0920,
  ]

#### entropy_min
  Points: 35
  Min: 1.6758, Max: 1.6758, Mean: 1.6758
  Data: [
    1.6758, 1.6758, 1.6758, 1.6758, 1.6758, 1.6758, 1.6758, 1.6758, 1.6758, 1.6758,
    1.6758, 1.6758, 1.6758, 1.6758, 1.6758, 1.6758, 1.6758, 1.6758, 1.6758, 1.6758,
    1.6758, 1.6758, 1.6758, 1.6758, 1.6758, 1.6758, 1.6758, 1.6758, 1.6758, 1.6758,
    1.6758, 1.6758, 1.6758, 1.6758, 1.6758,
  ]

#### entropy_std
  Points: 35
  Min: 1.3756, Max: 2.1289, Mean: 1.6611
  Data: [
    1.9940, 2.1289, 1.3756, 1.8290, 1.7233, 1.7102, 1.7328, 1.5809, 1.5658, 1.6284,
    1.4480, 1.8230, 1.5878, 1.7862, 1.4129, 1.5482, 1.5993, 1.6650, 1.7801, 1.5059,
    1.6567, 1.7178, 1.5689, 1.6331, 1.6039, 1.6487, 1.6428, 1.7410, 1.6543, 1.5381,
    1.6207, 1.6165, 1.5759, 1.7586, 1.7355,
  ]

#### logprobs_mean
  Points: 35
  Min: -0.8259, Max: -0.3385, Mean: -0.5787
  Data: [
    -0.3675, -0.8259, -0.6683, -0.6829, -0.6465, -0.6362, -0.6670, -0.5815, -0.5349, -0.7199,
    -0.5447, -0.6157, -0.6389, -0.6393, -0.5985, -0.4908, -0.5711, -0.5461, -0.5726, -0.4909,
    -0.5787, -0.5531, -0.5902, -0.3385, -0.5661, -0.5281, -0.6148, -0.6278, -0.5874, -0.3949,
    -0.5647, -0.6210, -0.5164, -0.5938, -0.5394,
  ]

#### logprobs_std
  Points: 35
  Min: 1.5558, Max: 1.9141, Mean: 1.6590
  Data: [
    1.9141, 1.6198, 1.5576, 1.6495, 1.6132, 1.6483, 1.6441, 1.6062, 1.6708, 1.5560,
    1.5872, 1.6701, 1.5905, 1.6520, 1.5558, 1.6140, 1.6573, 1.6580, 1.6329, 1.6998,
    1.6101, 1.7434, 1.6272, 1.7671, 1.6996, 1.7171, 1.7288, 1.6710, 1.6333, 1.6868,
    1.7275, 1.6619, 1.6694, 1.6519, 1.6741,
  ]

#### mean_reg_loss
  Points: 35
  Min: 0.0020, Max: 0.0040, Mean: 0.0027
  Data: [
    0.0040, 0.0020, 0.0023, 0.0024, 0.0025, 0.0025, 0.0024, 0.0026, 0.0027, 0.0022,
    0.0026, 0.0026, 0.0024, 0.0025, 0.0025, 0.0027, 0.0027, 0.0028, 0.0026, 0.0029,
    0.0025, 0.0028, 0.0027, 0.0033, 0.0028, 0.0028, 0.0027, 0.0026, 0.0026, 0.0031,
    0.0028, 0.0025, 0.0028, 0.0025, 0.0028,
  ]


### VALUES
#### critic_slow_diff
  Points: 35
  Min: 0.0233, Max: 0.1326, Mean: 0.0641
  Data: [
    0.0930, 0.0967, 0.0559, 0.0460, 0.0597, 0.0715, 0.0466, 0.1191, 0.0706, 0.0553,
    0.0928, 0.1112, 0.0519, 0.0380, 0.0463, 0.0757, 0.0437, 0.0886, 0.0359, 0.0646,
    0.0726, 0.0532, 0.0506, 0.0412, 0.1326, 0.0385, 0.0672, 0.0466, 0.0461, 0.0233,
    0.0816, 0.0280, 0.0777, 0.0659, 0.0564,
  ]

#### lambda_returns_max
  Points: 35
  Min: 6.5002, Max: 9.9811, Mean: 7.7133
  Data: [
    8.0657, 8.2544, 8.1313, 8.5354, 6.7378, 6.9245, 7.8921, 7.2938, 7.8433, 9.1292,
    9.9811, 7.0709, 6.8181, 7.7866, 7.3109, 8.1658, 7.7087, 7.9890, 6.7541, 7.4152,
    8.3535, 7.8132, 6.9963, 8.1609, 7.0872, 7.9296, 7.1892, 6.5002, 7.1094, 7.0944,
    7.6772, 8.3478, 8.2172, 7.3397, 8.3406,
  ]

#### lambda_returns_mean
  Points: 35
  Min: 3.1476, Max: 3.9327, Mean: 3.4795
  Data: [
    3.6079, 3.4916, 3.1799, 3.4014, 3.4219, 3.1553, 3.1476, 3.4028, 3.7620, 3.7378,
    3.9327, 3.7649, 3.4827, 3.6534, 3.4725, 3.4785, 3.6013, 3.3835, 3.4446, 3.8321,
    3.5516, 3.5880, 3.4663, 3.5961, 3.4901, 3.4059, 3.3532, 3.2577, 3.3843, 3.4423,
    3.5249, 3.2760, 3.4554, 3.3843, 3.2507,
  ]

#### lambda_returns_min
  Points: 35
  Min: -6.9000, Max: -1.3032, Mean: -5.2331
  Data: [
    -1.3032, -5.5170, -4.7493, -4.1831, -5.5000, -5.5635, -4.7514, -5.9180, -4.5865, -4.7681,
    -5.5199, -6.0715, -4.0737, -5.3162, -5.5420, -5.5411, -5.1729, -5.2584, -5.6559, -5.4425,
    -6.0556, -5.3614, -5.2492, -5.3730, -4.8326, -4.2608, -5.0717, -6.9000, -6.1610, -6.0027,
    -6.2594, -6.3322, -4.7857, -4.6895, -5.3882,
  ]

#### lambda_returns_std
  Points: 35
  Min: 0.7309, Max: 1.4385, Mean: 1.0061
  Data: [
    0.7743, 1.0539, 0.7309, 0.7857, 0.8229, 0.8548, 1.1056, 1.4385, 0.9819, 0.8215,
    0.9734, 1.0385, 0.7716, 0.9293, 0.8582, 1.0941, 0.8696, 1.0471, 0.9803, 1.0490,
    1.0728, 0.9659, 1.0278, 1.1791, 1.0586, 0.8230, 1.0093, 1.3551, 1.2072, 1.0869,
    1.1528, 1.3154, 0.9018, 0.8791, 1.1961,
  ]

#### max
  Points: 35
  Min: 5.2940, Max: 6.2455, Mean: 5.6103
  Data: [
    6.2455, 5.4758, 5.3431, 5.6292, 5.4924, 5.3812, 5.5241, 5.4776, 5.5442, 5.8771,
    6.0756, 5.7472, 5.4921, 5.6700, 5.4976, 5.6850, 5.8729, 5.8087, 5.3979, 5.7188,
    5.7256, 5.9312, 5.5311, 5.5776, 5.4834, 5.3934, 5.4539, 5.2940, 5.5460, 5.6494,
    5.5884, 5.4903, 5.3621, 5.5298, 5.8489,
  ]

#### mean
  Points: 35
  Min: 3.1180, Max: 3.9010, Mean: 3.4635
  Data: [
    3.5717, 3.4171, 3.1744, 3.3868, 3.4256, 3.1643, 3.1180, 3.4164, 3.7502, 3.7308,
    3.9010, 3.7721, 3.4603, 3.6192, 3.4456, 3.4590, 3.5721, 3.3617, 3.4267, 3.8124,
    3.5579, 3.5710, 3.4557, 3.5995, 3.4905, 3.3763, 3.3402, 3.2728, 3.3918, 3.4195,
    3.5055, 3.2555, 3.4232, 3.3643, 3.2147,
  ]

#### min
  Points: 35
  Min: -5.0078, Max: -1.4837, Mean: -4.1903
  Data: [
    -1.4837, -3.9381, -2.5103, -3.9734, -4.5129, -4.1431, -4.1453, -4.8422, -4.1847, -4.1100,
    -3.7871, -4.6044, -3.9857, -3.7703, -4.6860, -4.5704, -3.6153, -4.5915, -4.8586, -4.1046,
    -4.5895, -4.4023, -4.4531, -4.7165, -4.1325, -3.3742, -4.2271, -5.0078, -4.6642, -4.9166,
    -4.3408, -4.9664, -3.6893, -4.0882, -4.6760,
  ]

#### norm_high
  Points: 35
  Min: 1.4152, Max: 5.3790, Mean: 5.0436
  Data: [
    1.4152, 5.1362, 5.0261, 5.1330, 5.0480, 4.9780, 4.9177, 5.1203, 5.0769, 5.1772,
    5.2544, 5.2047, 5.0893, 5.0935, 5.0854, 5.1649, 5.2104, 5.2861, 5.1464, 5.3790,
    5.1296, 5.2988, 5.2491, 5.2778, 5.2274, 5.1338, 5.1561, 5.0891, 5.1186, 5.1183,
    5.1571, 5.1171, 5.2009, 5.1811, 5.1283,
  ]

#### norm_low
  Points: 35
  Min: 0.7219, Max: 2.6811, Mean: 2.3322
  Data: [
    0.7219, 1.7501, 2.4831, 2.4435, 2.3822, 1.9747, 1.9372, 2.3407, 2.6334, 2.4825,
    2.6195, 2.6811, 2.5117, 2.4863, 2.4880, 2.3379, 2.5976, 2.4566, 2.4277, 2.5271,
    2.2544, 2.4228, 2.4843, 2.4959, 2.4050, 2.3754, 2.4163, 2.3282, 2.3633, 2.2898,
    2.2741, 2.3637, 2.3728, 2.2983, 2.2011,
  ]

#### norm_scale
  Points: 35
  Min: 0.6933, Max: 3.3861, Mean: 2.7114
  Data: [
    0.6933, 3.3861, 2.5429, 2.6895, 2.6659, 3.0033, 2.9805, 2.7796, 2.4435, 2.6946,
    2.6349, 2.5236, 2.5776, 2.6072, 2.5974, 2.8270, 2.6128, 2.8294, 2.7187, 2.8518,
    2.8752, 2.8760, 2.7647, 2.7819, 2.8224, 2.7584, 2.7398, 2.7609, 2.7553, 2.8285,
    2.8830, 2.7534, 2.8281, 2.8828, 2.9272,
  ]

#### std
  Points: 35
  Min: 0.6380, Max: 1.2201, Mean: 0.8828
  Data: [
    0.6380, 0.9432, 0.6469, 0.6742, 0.7045, 0.7251, 0.9591, 1.2201, 0.8110, 0.7176,
    0.8193, 0.9154, 0.7251, 0.8021, 0.7866, 0.9463, 0.7451, 0.9603, 0.8793, 0.9476,
    1.0199, 0.8826, 0.9043, 1.0389, 0.9581, 0.7418, 0.8852, 1.0962, 1.0298, 0.9775,
    1.0188, 1.1951, 0.7593, 0.7816, 1.0431,
  ]


### IMAGINATION
#### continue_mean
  Points: 35
  Min: 0.9802, Max: 0.9936, Mean: 0.9856
  Data: [
    0.9899, 0.9837, 0.9936, 0.9912, 0.9876, 0.9891, 0.9865, 0.9904, 0.9834, 0.9881,
    0.9842, 0.9855, 0.9875, 0.9853, 0.9876, 0.9845, 0.9850, 0.9861, 0.9846, 0.9854,
    0.9827, 0.9853, 0.9857, 0.9819, 0.9854, 0.9845, 0.9888, 0.9821, 0.9860, 0.9802,
    0.9824, 0.9832, 0.9823, 0.9846, 0.9835,
  ]

#### continue_min
  Points: 35
  Min: 0.0000, Max: 0.0000, Mean: 0.0000
  Data: [
    0.0000, 0.0000, 0.0000, 0.0000, 0.0000, 0.0000, 0.0000, 0.0000, 0.0000, 0.0000,
    0.0000, 0.0000, 0.0000, 0.0000, 0.0000, 0.0000, 0.0000, 0.0000, 0.0000, 0.0000,
    0.0000, 0.0000, 0.0000, 0.0000, 0.0000, 0.0000, 0.0000, 0.0000, 0.0000, 0.0000,
    0.0000, 0.0000, 0.0000, 0.0000, 0.0000,
  ]

#### reward_abs_mean
  Points: 35
  Min: 0.0411, Max: 0.1022, Mean: 0.0810
  Data: [
    0.0634, 0.0970, 0.0411, 0.0519, 0.0671, 0.0602, 0.0765, 0.0619, 0.0882, 0.0683,
    0.0896, 0.0842, 0.0676, 0.0883, 0.0697, 0.0871, 0.0851, 0.0806, 0.0809, 0.0867,
    0.0966, 0.0844, 0.0821, 0.1022, 0.0804, 0.0852, 0.0642, 0.0985, 0.0770, 0.1001,
    0.1018, 0.0974, 0.0947, 0.0804, 0.0932,
  ]

#### reward_max
  Points: 35
  Min: 2.5001, Max: 2.5006, Mean: 2.5003
  Data: [
    2.5001, 2.5003, 2.5004, 2.5002, 2.5004, 2.5002, 2.5003, 2.5001, 2.5002, 2.5003,
    2.5001, 2.5001, 2.5003, 2.5002, 2.5005, 2.5002, 2.5001, 2.5003, 2.5005, 2.5004,
    2.5003, 2.5006, 2.5006, 2.5006, 2.5003, 2.5003, 2.5003, 2.5003, 2.5003, 2.5003,
    2.5003, 2.5006, 2.5003, 2.5002, 2.5005,
  ]

#### reward_mean
  Points: 35
  Min: -0.0026, Max: 0.0732, Mean: 0.0509
  Data: [
    0.0491, 0.0732, 0.0185, 0.0334, 0.0451, 0.0285, 0.0492, -0.0026, 0.0640, 0.0478,
    0.0640, 0.0563, 0.0435, 0.0599, 0.0463, 0.0520, 0.0603, 0.0371, 0.0447, 0.0570,
    0.0620, 0.0588, 0.0444, 0.0571, 0.0456, 0.0640, 0.0360, 0.0632, 0.0419, 0.0717,
    0.0616, 0.0537, 0.0669, 0.0624, 0.0640,
  ]

#### reward_min
  Points: 35
  Min: -2.6192, Max: -0.1220, Mean: -2.4986
  Data: [
    -0.1220, -2.5459, -2.5796, -2.5417, -2.5703, -2.5655, -2.5826, -2.6192, -2.5269, -2.5705,
    -2.5787, -2.5862, -2.5059, -2.5717, -2.5622, -2.5770, -2.5629, -2.5745, -2.5690, -2.5735,
    -2.5676, -2.5474, -2.5799, -2.5793, -2.5611, -2.5623, -2.5333, -2.5729, -2.5633, -2.6012,
    -2.5877, -2.5935, -2.5797, -2.5699, -2.5654,
  ]

#### reward_nonzero_frac
  Points: 35
  Min: 0.0322, Max: 0.0942, Mean: 0.0726
  Data: [
    0.0511, 0.0930, 0.0322, 0.0455, 0.0578, 0.0533, 0.0786, 0.0620, 0.0768, 0.0557,
    0.0799, 0.0775, 0.0567, 0.0830, 0.0597, 0.0789, 0.0757, 0.0724, 0.0647, 0.0796,
    0.0889, 0.0697, 0.0669, 0.0886, 0.0813, 0.0756, 0.0594, 0.0942, 0.0722, 0.0859,
    0.0903, 0.0915, 0.0824, 0.0692, 0.0909,
  ]

#### reward_significant_frac
  Points: 35
  Min: 0.0133, Max: 0.0390, Mean: 0.0307
  Data: [
    0.0256, 0.0387, 0.0133, 0.0188, 0.0248, 0.0215, 0.0286, 0.0217, 0.0355, 0.0277,
    0.0357, 0.0325, 0.0256, 0.0341, 0.0257, 0.0341, 0.0331, 0.0284, 0.0305, 0.0337,
    0.0351, 0.0324, 0.0323, 0.0385, 0.0287, 0.0321, 0.0233, 0.0381, 0.0289, 0.0374,
    0.0390, 0.0370, 0.0372, 0.0293, 0.0358,
  ]

#### reward_std
  Points: 35
  Min: 0.2279, Max: 0.3905, Mean: 0.3419
  Data: [
    0.3072, 0.3764, 0.2279, 0.2725, 0.3116, 0.2940, 0.3298, 0.2976, 0.3666, 0.3168,
    0.3600, 0.3488, 0.3105, 0.3556, 0.3188, 0.3560, 0.3512, 0.3418, 0.3456, 0.3500,
    0.3735, 0.3557, 0.3469, 0.3888, 0.3378, 0.3555, 0.2999, 0.3826, 0.3362, 0.3903,
    0.3905, 0.3786, 0.3767, 0.3490, 0.3653,
  ]


### ACTIONS
#### abs_mean
  Points: 35
  Min: 0.4564, Max: 0.5311, Mean: 0.5000
  Data: [
    0.5131, 0.5311, 0.4564, 0.5291, 0.4757, 0.5019, 0.5060, 0.4703, 0.5007, 0.4788,
    0.5080, 0.5115, 0.4944, 0.5007, 0.4867, 0.4856, 0.5160, 0.4950, 0.4981, 0.5306,
    0.4977, 0.5187, 0.4884, 0.4999, 0.5057, 0.5043, 0.5120, 0.5022, 0.5046, 0.5036,
    0.4999, 0.4669, 0.5045, 0.4944, 0.5081,
  ]

#### dim0_mean
  Points: 35
  Min: -0.0022, Max: 0.1927, Mean: 0.0971
  Data: [
    0.0491, 0.0129, 0.0728, 0.0432, 0.0633, 0.0569, 0.0774, 0.1328, 0.0724, -0.0022,
    0.0638, 0.0453, 0.0772, 0.0909, 0.0299, 0.0930, 0.1116, 0.0897, 0.0902, 0.0775,
    0.1149, 0.1319, 0.1618, 0.1877, 0.0920, 0.1574, 0.0953, 0.1927, 0.1114, 0.1531,
    0.1173, 0.1309, 0.1167, 0.1681, 0.1214,
  ]

#### dim1_mean
  Points: 35
  Min: -0.0793, Max: 0.1900, Mean: 0.0443
  Data: [
    -0.0287, -0.0017, -0.0793, 0.1154, 0.0357, -0.0075, 0.0027, -0.0293, 0.0458, 0.0746,
    0.1297, 0.0358, 0.0594, 0.0096, 0.0077, 0.0737, 0.1139, 0.0604, 0.0348, 0.1604,
    0.0935, 0.0822, 0.1900, 0.0476, 0.0335, 0.0943, 0.0151, -0.0692, -0.0205, 0.0587,
    0.0253, 0.0418, 0.0614, 0.0882, -0.0037,
  ]

#### dim2_mean
  Points: 35
  Min: -0.1317, Max: 0.0688, Mean: -0.0500
  Data: [
    -0.0286, -0.1097, -0.1317, -0.0541, -0.1294, -0.0789, -0.1099, -0.1260, -0.1036, -0.0886,
    -0.1051, -0.0546, -0.0865, -0.0971, -0.0539, -0.0170, -0.1158, -0.0829, -0.0498, 0.0688,
    -0.0440, 0.0551, 0.0085, 0.0191, -0.0432, -0.0028, -0.0382, -0.0441, -0.0425, 0.0093,
    -0.0183, -0.0485, -0.0508, 0.0537, -0.0092,
  ]

#### dim3_mean
  Points: 35
  Min: -0.2892, Max: 0.0918, Mean: -0.0445
  Data: [
    -0.2892, -0.0716, -0.0189, 0.0008, -0.0344, -0.0563, -0.0512, -0.1206, -0.1028, -0.0378,
    -0.0288, -0.0615, -0.0756, -0.0600, -0.0574, 0.0918, 0.0496, 0.0192, -0.0472, -0.0110,
    -0.0498, -0.0059, -0.0509, -0.1199, -0.0034, 0.0086, -0.0191, -0.0381, 0.0085, -0.0534,
    -0.1133, -0.0589, -0.0729, -0.0267, -0.0009,
  ]

#### max
  Points: 35
  Min: 0.9992, Max: 1.0000, Mean: 0.9999
  Data: [
    0.9997, 0.9999, 1.0000, 1.0000, 0.9998, 0.9998, 0.9995, 0.9992, 0.9999, 0.9998,
    1.0000, 1.0000, 0.9999, 0.9999, 1.0000, 1.0000, 0.9999, 1.0000, 0.9998, 0.9996,
    0.9999, 0.9999, 0.9999, 0.9998, 1.0000, 0.9998, 0.9999, 1.0000, 1.0000, 1.0000,
    0.9999, 0.9999, 1.0000, 1.0000, 1.0000,
  ]

#### mean
  Points: 35
  Min: -0.0744, Max: 0.0774, Mean: 0.0117
  Data: [
    -0.0744, -0.0425, -0.0393, 0.0263, -0.0162, -0.0214, -0.0203, -0.0358, -0.0220, -0.0135,
    0.0149, -0.0087, -0.0064, -0.0142, -0.0184, 0.0603, 0.0398, 0.0216, 0.0070, 0.0739,
    0.0286, 0.0658, 0.0774, 0.0336, 0.0197, 0.0644, 0.0133, 0.0103, 0.0142, 0.0419,
    0.0028, 0.0164, 0.0136, 0.0708, 0.0269,
  ]

#### min
  Points: 35
  Min: -1.0000, Max: -0.9995, Mean: -0.9999
  Data: [
    -1.0000, -0.9999, -0.9995, -1.0000, -0.9999, -0.9999, -0.9999, -0.9999, -0.9999, -0.9996,
    -1.0000, -0.9998, -1.0000, -0.9999, -0.9999, -1.0000, -0.9998, -1.0000, -0.9999, -1.0000,
    -1.0000, -1.0000, -0.9998, -1.0000, -1.0000, -0.9999, -0.9999, -0.9998, -1.0000, -1.0000,
    -1.0000, -1.0000, -0.9997, -1.0000, -0.9996,
  ]

#### std
  Points: 35
  Min: 0.5336, Max: 0.6107, Mean: 0.5771
  Data: [
    0.5841, 0.6107, 0.5336, 0.6084, 0.5554, 0.5801, 0.5825, 0.5473, 0.5787, 0.5581,
    0.5852, 0.5925, 0.5724, 0.5798, 0.5664, 0.5595, 0.5910, 0.5738, 0.5775, 0.6014,
    0.5757, 0.5947, 0.5614, 0.5748, 0.5852, 0.5752, 0.5898, 0.5816, 0.5813, 0.5780,
    0.5776, 0.5453, 0.5831, 0.5689, 0.5863,
  ]


### GRADIENTS
#### actor_norm
  Points: 35
  Min: 0.0650, Max: 0.3816, Mean: 0.1172
  Data: [
    0.3816, 0.0650, 0.1287, 0.0833, 0.1290, 0.0862, 0.0849, 0.1618, 0.1412, 0.1377,
    0.1392, 0.1541, 0.0885, 0.1050, 0.0936, 0.1052, 0.0783, 0.1087, 0.0835, 0.0943,
    0.0974, 0.0755, 0.1020, 0.1444, 0.1031, 0.0901, 0.0918, 0.1835, 0.1266, 0.1491,
    0.1190, 0.0826, 0.0900, 0.0799, 0.1158,
  ]

#### critic_norm
  Points: 35
  Min: 0.1173, Max: 0.4971, Mean: 0.2810
  Data: [
    0.4971, 0.4046, 0.2373, 0.2321, 0.3014, 0.2373, 0.2531, 0.4057, 0.2506, 0.2515,
    0.2130, 0.3455, 0.2188, 0.1695, 0.2455, 0.2995, 0.2924, 0.2377, 0.2083, 0.2557,
    0.3063, 0.4235, 0.2437, 0.2722, 0.2516, 0.1173, 0.3121, 0.2049, 0.3010, 0.2728,
    0.1890, 0.3097, 0.4676, 0.2811, 0.3260,
  ]

#### world_model_norm
  Points: 35
  Min: 6.6782, Max: 34.8553, Mean: 11.6968
  Data: [
    10.3715, 7.9187, 7.5532, 11.5050, 8.1699, 10.2515, 10.1856, 8.6059, 15.3966, 9.1931,
    11.2554, 11.0546, 7.9983, 18.0372, 10.9310, 10.4972, 6.7144, 6.6782, 7.5786, 8.8612,
    8.7112, 23.4491, 15.9919, 8.7939, 10.1038, 34.8553, 10.7604, 20.6258, 8.5771, 16.5860,
    9.4793, 12.7184, 6.7929, 9.8492, 13.3372,
  ]


### DIAGNOSTICS
#### advantage_contribution
  Points: 35
  Min: 0.0715, Max: 0.4264, Mean: 0.1038
  Data: [
    0.4264, 0.0813, 0.1006, 0.0888, 0.0900, 0.0898, 0.0969, 0.1191, 0.1251, 0.0861,
    0.0947, 0.1150, 0.0784, 0.0851, 0.0935, 0.1003, 0.0887, 0.1018, 0.0715, 0.0902,
    0.0808, 0.1013, 0.0873, 0.1116, 0.1058, 0.0791, 0.1018, 0.1015, 0.0935, 0.1014,
    0.0923, 0.0836, 0.0871, 0.0794, 0.1036,
  ]

#### entropy_advantage_ratio
  Points: 35
  Min: 0.0025, Max: 0.0134, Mean: 0.0099
  Data: [
    0.0025, 0.0132, 0.0088, 0.0115, 0.0105, 0.0107, 0.0100, 0.0076, 0.0071, 0.0109,
    0.0092, 0.0084, 0.0117, 0.0114, 0.0091, 0.0087, 0.0104, 0.0095, 0.0134, 0.0098,
    0.0112, 0.0093, 0.0106, 0.0079, 0.0094, 0.0122, 0.0100, 0.0098, 0.0100, 0.0084,
    0.0106, 0.0116, 0.0102, 0.0122, 0.0090,
  ]

#### entropy_contribution
  Points: 35
  Min: 0.0009, Max: 0.0011, Mean: 0.0009
  Data: [
    0.0011, 0.0011, 0.0009, 0.0010, 0.0009, 0.0010, 0.0010, 0.0009, 0.0009, 0.0009,
    0.0009, 0.0010, 0.0009, 0.0010, 0.0009, 0.0009, 0.0009, 0.0010, 0.0010, 0.0009,
    0.0009, 0.0009, 0.0009, 0.0009, 0.0010, 0.0010, 0.0010, 0.0010, 0.0009, 0.0009,
    0.0010, 0.0010, 0.0009, 0.0010, 0.0009,
  ]

#### return_range_S
  Points: 35
  Min: 0.6933, Max: 3.3861, Mean: 2.7114
  Data: [
    0.6933, 3.3861, 2.5429, 2.6895, 2.6659, 3.0033, 2.9805, 2.7796, 2.4435, 2.6946,
    2.6349, 2.5236, 2.5776, 2.6072, 2.5974, 2.8270, 2.6128, 2.8294, 2.7187, 2.8518,
    2.8752, 2.8760, 2.7647, 2.7819, 2.8224, 2.7584, 2.7398, 2.7609, 2.7553, 2.8285,
    2.8830, 2.7534, 2.8281, 2.8828, 2.9272,
  ]

#### return_range_at_floor
  Points: 35
  Min: 0.0000, Max: 1.0000, Mean: 0.0286
  Data: [
    1.0000, 0.0000, 0.0000, 0.0000, 0.0000, 0.0000, 0.0000, 0.0000, 0.0000, 0.0000,
    0.0000, 0.0000, 0.0000, 0.0000, 0.0000, 0.0000, 0.0000, 0.0000, 0.0000, 0.0000,
    0.0000, 0.0000, 0.0000, 0.0000, 0.0000, 0.0000, 0.0000, 0.0000, 0.0000, 0.0000,
    0.0000, 0.0000, 0.0000, 0.0000, 0.0000,
  ]


### SPARSE_SIGNAL
#### advantage_nonzero_frac
  Points: 35
  Min: 0.7115, Max: 0.9313, Mean: 0.7734
  Data: [
    0.9313, 0.7443, 0.8248, 0.7817, 0.7907, 0.7822, 0.8080, 0.8129, 0.7766, 0.7528,
    0.7752, 0.8123, 0.7309, 0.7514, 0.7836, 0.7699, 0.7551, 0.7780, 0.7115, 0.7867,
    0.7560, 0.8062, 0.7721, 0.7987, 0.7912, 0.7473, 0.7750, 0.7550, 0.7452, 0.7717,
    0.7350, 0.7185, 0.7227, 0.7258, 0.7899,
  ]

#### advantage_significant_frac
  Points: 35
  Min: 0.1237, Max: 0.5081, Mean: 0.1782
  Data: [
    0.5081, 0.1663, 0.2172, 0.1739, 0.1949, 0.1754, 0.1896, 0.2020, 0.2069, 0.1758,
    0.1995, 0.2375, 0.1290, 0.1443, 0.1760, 0.1840, 0.1333, 0.1740, 0.1237, 0.1595,
    0.1496, 0.1928, 0.1355, 0.1908, 0.1977, 0.1341, 0.1498, 0.1648, 0.1354, 0.1869,
    0.1334, 0.1262, 0.1475, 0.1409, 0.1791,
  ]

#### event_rate_in_batch
  Points: 35
  Min: 0.0111, Max: 0.0423, Mean: 0.0283
  Data: [
    0.0312, 0.0423, 0.0111, 0.0232, 0.0202, 0.0161, 0.0262, 0.0192, 0.0343, 0.0262,
    0.0292, 0.0373, 0.0141, 0.0363, 0.0212, 0.0242, 0.0323, 0.0323, 0.0323, 0.0323,
    0.0333, 0.0302, 0.0323, 0.0302, 0.0302, 0.0282, 0.0202, 0.0222, 0.0302, 0.0282,
    0.0403, 0.0363, 0.0312, 0.0302, 0.0242,
  ]

#### lambda_return_abs_mean
  Points: 35
  Min: 3.1842, Max: 3.9678, Mean: 3.5367
  Data: [
    3.6102, 3.5099, 3.1898, 3.4115, 3.4458, 3.1920, 3.1842, 3.6312, 3.8121, 3.7572,
    3.9678, 3.8197, 3.5023, 3.6847, 3.4947, 3.5415, 3.6241, 3.4633, 3.5157, 3.8698,
    3.5914, 3.6107, 3.5569, 3.7059, 3.5368, 3.4253, 3.4333, 3.4182, 3.5003, 3.5156,
    3.6077, 3.4304, 3.4926, 3.4040, 3.3285,
  ]

#### lambda_return_nonzero_frac
  Points: 35
  Min: 0.9989, Max: 1.0000, Mean: 0.9997
  Data: [
    0.9998, 0.9999, 0.9995, 0.9998, 0.9999, 0.9991, 0.9991, 0.9995, 0.9996, 0.9998,
    1.0000, 0.9997, 0.9995, 1.0000, 0.9999, 0.9996, 0.9999, 0.9998, 0.9999, 0.9998,
    1.0000, 1.0000, 0.9999, 1.0000, 0.9989, 1.0000, 0.9993, 0.9996, 1.0000, 0.9999,
    0.9999, 1.0000, 0.9999, 0.9998, 0.9989,
  ]

#### lambda_return_significant_frac
  Points: 35
  Min: 0.9872, Max: 0.9995, Mean: 0.9964
  Data: [
    0.9946, 0.9891, 0.9950, 0.9975, 0.9985, 0.9938, 0.9934, 0.9962, 0.9930, 0.9988,
    0.9981, 0.9971, 0.9972, 0.9990, 0.9968, 0.9970, 0.9988, 0.9976, 0.9986, 0.9981,
    0.9973, 0.9979, 0.9994, 0.9983, 0.9872, 0.9995, 0.9934, 0.9961, 0.9988, 0.9968,
    0.9948, 0.9975, 0.9991, 0.9986, 0.9919,
  ]

#### nonsparse_pred_error
  Points: 35
  Min: 0.0037, Max: 0.0161, Mean: 0.0082
  Data: [
    0.0161, 0.0093, 0.0037, 0.0049, 0.0097, 0.0065, 0.0098, 0.0065, 0.0120, 0.0065,
    0.0063, 0.0066, 0.0055, 0.0089, 0.0092, 0.0086, 0.0085, 0.0107, 0.0047, 0.0104,
    0.0102, 0.0067, 0.0109, 0.0093, 0.0084, 0.0089, 0.0073, 0.0056, 0.0069, 0.0063,
    0.0080, 0.0093, 0.0085, 0.0081, 0.0072,
  ]

#### num_sparse_events
  Points: 35
  Min: 11.0000, Max: 42.0000, Mean: 28.0286
  Data: [
    31.0000, 42.0000, 11.0000, 23.0000, 20.0000, 16.0000, 26.0000, 19.0000, 34.0000, 26.0000,
    29.0000, 37.0000, 14.0000, 36.0000, 21.0000, 24.0000, 32.0000, 32.0000, 32.0000, 32.0000,
    33.0000, 30.0000, 32.0000, 30.0000, 30.0000, 28.0000, 20.0000, 22.0000, 30.0000, 28.0000,
    40.0000, 36.0000, 31.0000, 30.0000, 24.0000,
  ]

#### reward_max
  Points: 35
  Min: 2.5000, Max: 2.5000, Mean: 2.5000
  Data: [
    2.5000, 2.5000, 2.5000, 2.5000, 2.5000, 2.5000, 2.5000, 2.5000, 2.5000, 2.5000,
    2.5000, 2.5000, 2.5000, 2.5000, 2.5000, 2.5000, 2.5000, 2.5000, 2.5000, 2.5000,
    2.5000, 2.5000, 2.5000, 2.5000, 2.5000, 2.5000, 2.5000, 2.5000, 2.5000, 2.5000,
    2.5000, 2.5000, 2.5000, 2.5000, 2.5000,
  ]

#### reward_min
  Points: 35
  Min: -2.5959, Max: -0.1132, Mean: -1.9458
  Data: [
    -0.1148, -2.5780, -0.1132, -0.1812, -0.1207, -2.5741, -0.1956, -2.5959, -2.5578, -2.5641,
    -2.5847, -2.5671, -0.1421, -2.5594, -2.5760, -2.5904, -2.5719, -2.5505, -2.5626, -2.5795,
    -2.5663, -2.5533, -2.5694, -2.5604, -2.5699, -0.1162, -0.1508, -2.5641, -2.5709, -2.5780,
    -2.5884, -2.5888, -2.5478, -2.5625, -0.1360,
  ]

#### reward_range
  Points: 35
  Min: 2.6132, Max: 5.0959, Mean: 4.4458
  Data: [
    2.6148, 5.0780, 2.6132, 2.6812, 2.6207, 5.0741, 2.6956, 5.0959, 5.0578, 5.0641,
    5.0847, 5.0671, 2.6421, 5.0594, 5.0760, 5.0904, 5.0719, 5.0505, 5.0626, 5.0795,
    5.0663, 5.0533, 5.0694, 5.0604, 5.0699, 2.6162, 2.6508, 5.0641, 5.0709, 5.0780,
    5.0884, 5.0888, 5.0478, 5.0625, 2.6360,
  ]

#### reward_variance
  Points: 35
  Min: 0.0486, Max: 0.1758, Mean: 0.1182
  Data: [
    0.1277, 0.1758, 0.0486, 0.0970, 0.0832, 0.0688, 0.1077, 0.0870, 0.1392, 0.1082,
    0.1232, 0.1557, 0.0592, 0.1496, 0.0917, 0.1045, 0.1353, 0.1369, 0.1342, 0.1320,
    0.1418, 0.1246, 0.1342, 0.1277, 0.1273, 0.1143, 0.0832, 0.0926, 0.1266, 0.1170,
    0.1743, 0.1501, 0.1331, 0.1247, 0.0993,
  ]

#### sparse_actual_mean
  Points: 35
  Min: -0.1093, Max: 1.9318, Mean: 1.4605
  Data: [
    1.8952, 1.7217, 1.9318, 1.9022, 1.8750, 1.3954, 1.8750, -0.1093, 1.6506, 1.5808,
    1.6308, 1.4790, 1.8750, 1.4513, 1.1762, 0.9123, 1.1596, 0.9251, 1.3987, 1.6348,
    1.2784, 1.6210, 1.3981, 1.1129, 1.3661, 1.8750, 1.8750, 1.5274, 1.1115, 1.6006,
    1.1402, 1.4489, 1.1599, 1.3662, 1.8750,
  ]

#### sparse_pred_error
  Points: 35
  Min: 0.0004, Max: 0.1085, Mean: 0.0269
  Data: [
    0.1085, 0.0297, 0.0004, 0.0030, 0.0010, 0.0019, 0.0246, 0.0208, 0.0204, 0.0160,
    0.0243, 0.0107, 0.0017, 0.0446, 0.0322, 0.0259, 0.0041, 0.0099, 0.0308, 0.0505,
    0.0107, 0.0497, 0.0390, 0.0166, 0.0052, 0.0479, 0.0274, 0.0474, 0.0621, 0.0409,
    0.0172, 0.0280, 0.0156, 0.0279, 0.0459,
  ]

#### sparse_pred_mean
  Points: 35
  Min: -0.1179, Max: 1.9316, Mean: 1.4559
  Data: [
    1.9082, 1.6944, 1.9316, 1.9016, 1.8744, 1.3939, 1.8524, -0.1179, 1.6453, 1.5809,
    1.6460, 1.4776, 1.8739, 1.4080, 1.1977, 0.9379, 1.1583, 0.9175, 1.3735, 1.6425,
    1.2735, 1.6683, 1.4355, 1.1002, 1.3652, 1.9211, 1.8587, 1.4811, 1.0514, 1.5599,
    1.1486, 1.4624, 1.1623, 1.3409, 1.8294,
  ]

#### sparse_sign_accuracy
  Points: 35
  Min: 1.0000, Max: 1.0000, Mean: 1.0000
  Data: [
    1.0000, 1.0000, 1.0000, 1.0000, 1.0000, 1.0000, 1.0000, 1.0000, 1.0000, 1.0000,
    1.0000, 1.0000, 1.0000, 1.0000, 1.0000, 1.0000, 1.0000, 1.0000, 1.0000, 1.0000,
    1.0000, 1.0000, 1.0000, 1.0000, 1.0000, 1.0000, 1.0000, 1.0000, 1.0000, 1.0000,
    1.0000, 1.0000, 1.0000, 1.0000, 1.0000,
  ]

#### sparse_vs_nonsparse_error_ratio
  Points: 35
  Min: 0.1047, Max: 9.0686, Mean: 3.2981
  Data: [
    6.7209, 3.1778, 0.1165, 0.6165, 0.1047, 0.2850, 2.5112, 3.2174, 1.7007, 2.4729,
    3.8425, 1.6130, 0.3035, 4.9935, 3.4884, 3.0038, 0.4760, 0.9330, 6.5514, 4.8557,
    1.0447, 7.4190, 3.5863, 1.7807, 0.6159, 5.3501, 3.7269, 8.5311, 9.0686, 6.4349,
    2.1554, 3.0279, 1.8408, 3.4659, 6.4016,
  ]

#### sparse_weight_applied
  Points: 35
  Min: 22.6190, Max: 89.1818, Mean: 37.5102
  Data: [
    31.0000, 22.6190, 89.1818, 42.1304, 48.6000, 61.0000, 37.1538, 51.2105, 28.1765, 37.1538,
    33.2069, 25.8108, 69.8571, 26.5556, 46.2381, 40.3333, 30.0000, 30.0000, 30.0000, 30.0000,
    29.0606, 32.0667, 30.0000, 32.0667, 32.0667, 34.4286, 48.6000, 44.0909, 32.0667, 34.4286,
    23.8000, 26.5556, 31.0000, 32.0667, 40.3333,
  ]

#### unweighted_reward_loss
  Points: 35
  Min: 0.1653, Max: 0.2772, Mean: 0.2200
  Data: [
    0.2161, 0.2608, 0.1653, 0.1690, 0.2197, 0.1940, 0.2395, 0.2119, 0.2772, 0.1978,
    0.2149, 0.2262, 0.2051, 0.2293, 0.1965, 0.2187, 0.2270, 0.2467, 0.2351, 0.2487,
    0.2641, 0.2443, 0.2290, 0.2367, 0.2649, 0.1908, 0.1846, 0.1797, 0.2041, 0.2248,
    0.2481, 0.2141, 0.2062, 0.1964, 0.2134,
  ]

#### value_lambda_gap_abs_mean
  Points: 35
  Min: 0.1441, Max: 0.2398, Mean: 0.1891
  Data: [
    0.1775, 0.2086, 0.1959, 0.1805, 0.1935, 0.1963, 0.2196, 0.2398, 0.2132, 0.1818,
    0.1999, 0.2207, 0.1472, 0.1591, 0.1871, 0.2099, 0.1604, 0.2072, 0.1441, 0.1823,
    0.1752, 0.2048, 0.1671, 0.2093, 0.2174, 0.1523, 0.1859, 0.2043, 0.1837, 0.2029,
    0.1790, 0.1562, 0.1728, 0.1668, 0.2149,
  ]

#### value_lambda_gap_mean
  Points: 35
  Min: -0.0224, Max: 0.0699, Mean: 0.0123
  Data: [
    0.0317, 0.0699, 0.0066, 0.0131, -0.0064, -0.0082, 0.0256, -0.0005, 0.0083, 0.0015,
    0.0237, -0.0137, 0.0202, 0.0265, 0.0227, 0.0139, 0.0230, 0.0248, 0.0170, 0.0164,
    -0.0137, 0.0093, 0.0105, -0.0040, -0.0018, 0.0239, 0.0127, -0.0224, -0.0129, 0.0154,
    0.0132, 0.0200, 0.0256, 0.0116, 0.0283,
  ]

#### weighted_reward_loss
  Points: 35
  Min: 0.2281, Max: 0.3222, Mean: 0.2828
  Data: [
    0.3112, 0.3222, 0.2281, 0.2330, 0.2606, 0.2594, 0.2802, 0.3034, 0.3013, 0.2617,
    0.2743, 0.2724, 0.2537, 0.2928, 0.2784, 0.2977, 0.2755, 0.2867, 0.2901, 0.3043,
    0.2918, 0.3138, 0.3059, 0.2857, 0.2935, 0.2747, 0.2540, 0.2707, 0.3072, 0.3162,
    0.2958, 0.2818, 0.2640, 0.2720, 0.2834,
  ]


### AUX
#### goal_accuracy
  Points: 35
  Min: 0.9274, Max: 0.9929, Mean: 0.9644
  Data: [
    0.9728, 0.9667, 0.9819, 0.9929, 0.9637, 0.9748, 0.9788, 0.9748, 0.9385, 0.9788,
    0.9748, 0.9738, 0.9708, 0.9617, 0.9708, 0.9718, 0.9808, 0.9476, 0.9778, 0.9607,
    0.9748, 0.9788, 0.9637, 0.9476, 0.9375, 0.9567, 0.9758, 0.9536, 0.9274, 0.9567,
    0.9284, 0.9536, 0.9556, 0.9587, 0.9698,
  ]

#### goal_loss
  Points: 35
  Min: 0.0254, Max: 0.1728, Mean: 0.0851
  Data: [
    0.0537, 0.0804, 0.0366, 0.0254, 0.0837, 0.0568, 0.0566, 0.0733, 0.1469, 0.0766,
    0.0604, 0.0627, 0.0649, 0.0854, 0.0829, 0.0829, 0.0561, 0.1404, 0.0554, 0.0871,
    0.0674, 0.0587, 0.0821, 0.1184, 0.1728, 0.1022, 0.0522, 0.1089, 0.1401, 0.1003,
    0.1534, 0.0933, 0.0994, 0.0884, 0.0732,
  ]

#### goal_positive_rate
  Points: 35
  Min: 0.0716, Max: 0.2681, Mean: 0.1724
  Data: [
    0.1593, 0.2510, 0.0716, 0.0978, 0.1371, 0.0978, 0.1683, 0.1240, 0.1895, 0.1673,
    0.1784, 0.2308, 0.1058, 0.2177, 0.1139, 0.1633, 0.1804, 0.1875, 0.1643, 0.1562,
    0.2218, 0.1935, 0.1986, 0.2067, 0.2208, 0.1633, 0.0988, 0.1552, 0.1925, 0.1875,
    0.2681, 0.2349, 0.2067, 0.1704, 0.1532,
  ]

#### goal_pred_positive_rate
  Points: 35
  Min: 0.0696, Max: 0.2480, Mean: 0.1642
  Data: [
    0.1643, 0.2480, 0.0696, 0.0968, 0.1552, 0.0968, 0.1613, 0.1250, 0.1421, 0.1482,
    0.1673, 0.2167, 0.1149, 0.2177, 0.1149, 0.1472, 0.1754, 0.1552, 0.1603, 0.1754,
    0.2107, 0.1784, 0.1724, 0.2046, 0.1683, 0.1784, 0.1048, 0.1714, 0.1663, 0.1522,
    0.2409, 0.2288, 0.1804, 0.1694, 0.1673,
  ]

#### puck_goal_dist_actual_mean
  Points: 35
  Min: 2.3365, Max: 3.1930, Mean: 2.7839
  Data: [
    2.3365, 2.5035, 2.7708, 2.6641, 2.7764, 2.8180, 3.1930, 2.8919, 2.8807, 2.6133,
    2.8990, 2.8504, 2.8052, 2.7383, 2.9334, 2.8757, 2.8346, 2.6316, 2.8437, 2.8147,
    3.0998, 3.0054, 2.5516, 2.8284, 3.1000, 2.6380, 2.8254, 2.7170, 2.8324, 2.8720,
    2.7307, 2.5759, 2.6701, 2.5431, 2.7703,
  ]

#### puck_goal_dist_error
  Points: 35
  Min: 0.0816, Max: 0.1211, Mean: 0.1010
  Data: [
    0.0941, 0.0816, 0.1107, 0.1007, 0.0984, 0.1081, 0.1049, 0.1073, 0.0977, 0.0945,
    0.1033, 0.1011, 0.1048, 0.0915, 0.1112, 0.0967, 0.1052, 0.0909, 0.0907, 0.1048,
    0.1182, 0.1049, 0.0905, 0.0979, 0.1211, 0.1096, 0.1043, 0.1060, 0.0970, 0.1106,
    0.0875, 0.1055, 0.0974, 0.0886, 0.0983,
  ]

#### puck_goal_dist_loss
  Points: 35
  Min: 0.0132, Max: 0.0359, Mean: 0.0218
  Data: [
    0.0175, 0.0151, 0.0269, 0.0212, 0.0216, 0.0242, 0.0277, 0.0232, 0.0198, 0.0204,
    0.0214, 0.0203, 0.0256, 0.0182, 0.0270, 0.0202, 0.0232, 0.0179, 0.0191, 0.0210,
    0.0323, 0.0217, 0.0164, 0.0210, 0.0359, 0.0257, 0.0225, 0.0227, 0.0190, 0.0269,
    0.0166, 0.0212, 0.0185, 0.0132, 0.0186,
  ]

#### puck_goal_dist_pred_mean
  Points: 35
  Min: 2.3685, Max: 3.1847, Mean: 2.7842
  Data: [
    2.3685, 2.4953, 2.7655, 2.6876, 2.7996, 2.8259, 3.1847, 2.8751, 2.8572, 2.6327,
    2.9083, 2.8536, 2.7965, 2.7498, 2.9487, 2.8853, 2.8172, 2.6522, 2.8127, 2.7903,
    3.0686, 2.9934, 2.5436, 2.8348, 3.0939, 2.6186, 2.8231, 2.7243, 2.8443, 2.9171,
    2.7355, 2.5549, 2.6730, 2.5314, 2.7844,
  ]

#### shot_quality_actual_mean
  Points: 35
  Min: 0.0937, Max: 0.1597, Mean: 0.1191
  Data: [
    0.1597, 0.1464, 0.0947, 0.1307, 0.1029, 0.1142, 0.0937, 0.1132, 0.1241, 0.1369,
    0.1063, 0.1204, 0.1074, 0.1224, 0.0969, 0.1059, 0.1234, 0.1325, 0.1188, 0.1152,
    0.1018, 0.0964, 0.1358, 0.1113, 0.1016, 0.1321, 0.1090, 0.1229, 0.1158, 0.1128,
    0.1274, 0.1453, 0.1318, 0.1334, 0.1242,
  ]

#### shot_quality_loss
  Points: 35
  Min: 0.0003, Max: 0.0011, Mean: 0.0006
  Data: [
    0.0010, 0.0004, 0.0006, 0.0007, 0.0004, 0.0006, 0.0009, 0.0011, 0.0007, 0.0006,
    0.0004, 0.0006, 0.0008, 0.0003, 0.0004, 0.0006, 0.0008, 0.0007, 0.0004, 0.0008,
    0.0005, 0.0004, 0.0007, 0.0006, 0.0007, 0.0008, 0.0009, 0.0006, 0.0005, 0.0006,
    0.0008, 0.0008, 0.0004, 0.0008, 0.0007,
  ]

#### shot_quality_pred_mean
  Points: 35
  Min: 0.0929, Max: 0.1617, Mean: 0.1187
  Data: [
    0.1617, 0.1453, 0.0949, 0.1264, 0.1009, 0.1143, 0.0929, 0.1167, 0.1223, 0.1337,
    0.1069, 0.1206, 0.1073, 0.1214, 0.0968, 0.1035, 0.1250, 0.1312, 0.1176, 0.1120,
    0.1041, 0.0957, 0.1351, 0.1120, 0.1023, 0.1287, 0.1085, 0.1225, 0.1164, 0.1140,
    0.1267, 0.1459, 0.1328, 0.1339, 0.1254,
  ]

#### total_loss
  Points: 35
  Min: 0.0473, Max: 0.2094, Mean: 0.1076
  Data: [
    0.0722, 0.0958, 0.0641, 0.0473, 0.1057, 0.0817, 0.0852, 0.0977, 0.1674, 0.0976,
    0.0821, 0.0835, 0.0913, 0.1040, 0.1103, 0.1037, 0.0801, 0.1590, 0.0749, 0.1089,
    0.1002, 0.0808, 0.0991, 0.1399, 0.2094, 0.1287, 0.0755, 0.1321, 0.1596, 0.1279,
    0.1708, 0.1153, 0.1184, 0.1024, 0.0926,
  ]

